-2.785758013157391e-010
3.789691845668131e-006
-4.977992375643225e-006
-2.451977707096376e-005
-4.995312701794319e-005
-7.459157495759428e-005
-9.173985745292157e-005
-9.647235856391490e-005
-8.697438897797838e-005
-6.503867189167067e-005
-3.561385892680846e-005
-5.486989721248392e-006
1.849228283390403e-005
3.123923670500517e-005
3.078098234254867e-005
1.876248825283255e-005
1.215396783216249e-009
-1.883198638097383e-005
-3.100966569036245e-005
-3.158879917464219e-005
-1.876817441370804e-005
5.585974122368498e-006
3.640947034000419e-005
6.674476026091725e-005
8.958431862993166e-005
9.973676060326397e-005
9.519499872112647e-005
7.768941577523947e-005
5.221796163823456e-005
2.572602716099937e-005
5.243980012892280e-006
-4.005416030850029e-006
2.408033217271566e-010
1.551849163661245e-005
3.751198164536618e-005
5.898430026718415e-005
7.288037159014493e-005
7.398471643682569e-005
6.036841659806669e-005
3.394148370716721e-005
-2.552871802841139e-010
-3.414827006054111e-005
-6.111559196142480e-005
-7.536645716754720e-005
-7.470130367437378e-005
-6.083301195758395e-005
-3.892511085723527e-005
-1.620476541575044e-005
-9.725217853251422e-011
4.233865183778107e-006
-5.575364411924966e-006
-2.752870568656363e-005
-5.621830132440664e-005
-8.415386400884017e-005
-1.037506444845349e-004
-1.093666433007456e-004
-9.883606981020421e-005
-7.408695819322020e-005
-4.066162728122436e-005
-6.279315584833967e-006
2.121365287166555e-005
3.592189023038372e-005
3.547696906025522e-005
2.167573438782711e-005
9.550517043876994e-010
-2.185540324717294e-005
-3.606885002227500e-005
-3.682540045701899e-005
-2.192934698541649e-005
6.543686140503269e-006
4.272957448847592e-005
7.849947724025697e-005
1.055935863405466e-004
1.178121383418329e-004
1.126883362303488e-004
9.216008766088635e-005
6.207437400007621e-005
3.064725024159998e-005
6.259458587010158e-006
-4.791203991771909e-006
-1.918353115248905e-010
1.863843499450013e-005
4.514149259193800e-005
7.112500315997750e-005
8.805169636616483e-005
8.955971134128049e-005
7.321535667870194e-005
4.124332190258429e-005
1.355685452786304e-009
-4.165199788985774e-005
-7.468202238669619e-005
-9.226379188476130e-005
-9.161508205579594e-005
-7.473998266505078e-005
-4.790983075508848e-005
-1.997911385842599e-005
-6.402151031537073e-010
5.238048743194668e-006
-6.909881449246313e-006
-3.417176412767731e-005
-6.990316614974290e-005
-1.048092381097376e-004
-1.294239482376725e-004
-1.366467040497810e-004
-1.236830576090142e-004
-9.285568376071751e-005
-5.104284355184063e-005
-7.893343536125030e-006
2.670941285032313e-005
4.529396755970083e-005
4.479820927372202e-005
2.740936906775460e-005
6.367282257002671e-010
-2.771376421151217e-005
-4.580176027957350e-005
-4.682544022216462e-005
-2.792110535665415e-005
8.341090506291948e-006
5.454881102195941e-005
1.003399447654374e-004
1.351399550912902e-004
1.509653229732066e-004
1.445752714062110e-004
1.183797503472306e-004
7.983086106833071e-005
3.945821299566887e-005
8.067925591603853e-006
-6.182611286931206e-006
-8.685218655379856e-010
2.410519482509699e-005
5.844338375027292e-005
9.217800106853247e-005
1.142344262916595e-004
1.163082488346845e-004
9.517851867713034e-005
5.366915866034105e-005
6.702650101608754e-010
-5.430319652077742e-005
-9.745264833327383e-005
-1.205062217195518e-004
-1.197650417452678e-004
-9.779159154277295e-005
-6.274077168200165e-005
-2.618452890601475e-005
-4.943832010440019e-010
6.876492989249528e-006
-9.078721632249653e-006
-4.493041706155054e-005
-9.197749750455841e-005
-1.380097673973069e-004
-1.705476170172915e-004
-1.801925391191617e-004
-1.632121129659936e-004
-1.226135354954749e-004
-6.744482379872352e-005
-1.043877182382857e-005
3.533653580234386e-005
5.996350955683738e-005
5.934244472882710e-005
3.633087544585578e-005
8.494022152305547e-011
-3.677536733448505e-005
-6.080919411033392e-005
-6.220232899067923e-005
-3.710820601554588e-005
1.109254480979871e-005
7.256850949488580e-005
1.335555280093104e-004
1.799579622456804e-004
2.011212491197512e-004
1.926935656229034e-004
1.578448136569932e-004
1.064879688783549e-004
5.265760773909278e-005
1.076992157322820e-005
-8.256876753875986e-006
-7.404977186986628e-010
3.221344377379865e-005
7.813321280991659e-005
1.232727809110656e-004
1.528162392787635e-004
1.556382339913398e-004
1.274001115234569e-004
7.185769209172577e-005
3.804695225539945e-009
-7.274789822986350e-005
-1.305846817558631e-004
-1.615130313439295e-004
-1.605565776117146e-004
-1.311271917074919e-004
-8.414516923949122e-005
-3.512667171889916e-005
-1.999013038433972e-010
9.227671398548409e-006
-1.218370289279847e-005
-6.031459633959457e-005
-1.234882074641064e-004
-1.853162248153240e-004
-2.290352858835831e-004
-2.420188684482127e-004
-2.192368119722232e-004
-1.647230237722397e-004
-9.061346645466983e-005
-1.402478937961860e-005
4.748523133457638e-005
8.058263483690098e-005
7.975348125910386e-005
4.882918074144982e-005
2.136814059028325e-009
-4.943281965097413e-005
-8.174043614417315e-005
-8.361468644579873e-005
-4.988540240447037e-005
1.491304283263162e-005
9.755503560882062e-005
1.795347052393481e-004
2.419149095658213e-004
2.703594800550491e-004
2.590240910649300e-004
2.121763973264024e-004
1.431340351700783e-004
7.077534246491268e-005
1.447674458177062e-005
-1.109703316615196e-005
-4.309541890012980e-010
4.328920113039203e-005
1.049847414833494e-004
1.656293898122385e-004
2.053063217317686e-004
2.090795460389927e-004
1.711276709102094e-004
9.651083382777870e-005
3.139204896029924e-009
-9.768396557774395e-005
-1.753331889631227e-004
-2.168331702705473e-004
-2.155230176867917e-004
-1.759940641932190e-004
-1.129208540078253e-004
-4.713207090389915e-005
-1.505845115268301e-009
1.237802644027397e-005
-1.634194813959766e-005
-8.087947207968682e-005
-1.655741798458621e-004
-2.484319848008454e-004
-3.069886006414890e-004
-3.243351529818028e-004
-2.937514218501747e-004
-2.206688659498468e-004
-1.213719224324450e-004
-1.877943941508420e-005
6.357910751830787e-005
1.078713539754972e-004
1.067408811650239e-004
6.533745909109712e-005
1.492990397977678e-009
-6.611688877455890e-005
-1.093098762794398e-004
-1.117914871429093e-004
-6.668046262348071e-005
1.992593752220273e-005
1.303464232478291e-004
2.398259239271283e-004
3.230759757570922e-004
3.609831328503788e-004
3.457664570305497e-004
2.831625752151012e-004
1.909806742332876e-004
9.440759458811954e-005
1.930514554260299e-005
-1.479504953749711e-005
1.775876529164222e-010
5.768919800175354e-005
1.398703752784059e-004
2.206052304245532e-004
2.733854635152966e-004
2.783367235679179e-004
2.277573657920584e-004
1.284104655496776e-004
1.554772754985834e-009
-1.299069845117629e-004
-2.331004216102883e-004
-2.881998661905527e-004
-2.863795380108059e-004
-2.337941841688007e-004
-1.499615027569234e-004
-6.257434142753482e-005
-1.173505848051093e-009
1.642519418965094e-005
-2.167977618228179e-005
-1.072628729161806e-004
-2.195146080339328e-004
-3.292801848147064e-004
-4.067750705871731e-004
-4.296350525692105e-004
-3.890123625751585e-004
-2.921404375229031e-004
-1.606342993909493e-004
-2.485244658601005e-005
8.409996371483430e-005
1.426436501787975e-004
1.411058910889551e-004
8.635039557702839e-005
1.681606937031788e-010
-8.732691640034318e-005
-1.443290966562927e-004
-1.475621247664094e-004
-8.798870840109885e-005
2.628863330755848e-005
1.718933199299499e-004
3.161858767271042e-004
4.258111584931612e-004
4.756253038067371e-004
4.554363549686968e-004
3.728605806827545e-004
2.513998479116708e-004
1.242423895746470e-004
2.539575689297635e-005
-1.945814801729284e-005
-1.719469788774575e-009
7.582576654385775e-005
1.837842137319967e-004
2.897752856370062e-004
3.589895786717534e-004
3.653787716757506e-004
2.988878404721618e-004
1.684688904788345e-004
-1.398357873938494e-009
-1.703232264844701e-004
-3.055232227779925e-004
-3.776202502194792e-004
-3.751185722649097e-004
-3.061420866288245e-004
-1.963118993444368e-004
-8.188539504772052e-005
-4.556574562109006e-010
2.148101339116693e-005
-2.834126462403219e-005
-1.401961490046233e-004
-2.868208684958518e-004
-4.300985310692340e-004
-5.311621353030205e-004
-5.608355859294534e-004
-5.076476372778416e-004
-3.811217320617288e-004
-2.094886585837230e-004
-3.239813304389827e-005
1.096068226615898e-004
1.858565374277532e-004
1.837941963458434e-004
1.124372793128714e-004
4.872594328020341e-009
-1.136420833063312e-004
-1.877606264315546e-004
-1.919076457852498e-004
-1.143925692304038e-004
3.417092739255168e-005
2.233455306850374e-004
4.106882261112332e-004
5.529188201762736e-004
6.174105801619589e-004
5.910237669013441e-004
4.837106098420918e-004
3.260384837631136e-004
1.610782055649906e-004
3.291948814876378e-005
-2.521252827136777e-005
-9.465358496996146e-010
9.818374383030459e-005
2.379169018240646e-004
3.750108880922198e-004
4.644413129426539e-004
4.725646867882460e-004
3.864473546855152e-004
2.177538117393851e-004
6.993869039462197e-009
-2.200260059908032e-004
-3.945563221350312e-004
-4.875145677942783e-004
-4.841412301175296e-004
-3.949956735596061e-004
-2.532117650844157e-004
-1.055944812833332e-004
8.042740362590450e-010
2.768247031781357e-005
-3.651502993307076e-005
-1.805590145522729e-004
-3.693061589729041e-004
-5.536231328733265e-004
-6.835046806372702e-004
-7.214821525849402e-004
-6.528654485009611e-004
-4.900006460957229e-004
-2.692685520742089e-004
-4.162564800935797e-005
1.408009266015142e-004
2.386759151704609e-004
2.359634381718934e-004
1.443070796085522e-004
3.238360912760641e-009
-1.457676116842777e-004
-2.407795254839584e-004
-2.460257383063436e-004
-1.466162357246503e-004
4.377387449494563e-005
2.860928070731461e-004
5.259158206172288e-004
7.078433409333229e-004
7.901908829808235e-004
7.562073296867311e-004
6.187383551150560e-004
4.169404273852706e-004
2.059232065221295e-004
4.207122037769295e-005
-3.221392034902237e-005
4.015336951823656e-010
1.253867521882057e-004
3.037375572603196e-004
4.786350764334202e-004
5.926256417296827e-004
6.028267089277506e-004
4.928465932607651e-004
2.776242617983371e-004
3.252946800813561e-009
-2.803671231959015e-004
-5.026399740017951e-004
-6.209086277522147e-004
-6.164478836581111e-004
-5.028161685913801e-004
-3.222382219973952e-004
-1.343432086287066e-004
-2.473375504408182e-009
3.520276368362829e-005
-4.642436761059798e-005
-2.294907608302310e-004
-4.692505463026464e-004
-7.032883004285395e-004
-8.680588216520846e-004
-9.160566260106862e-004
-8.287330274470151e-004
-6.218307535164058e-004
-3.416243416722864e-004
-5.280924960970879e-005
1.785538624972105e-004
3.025926125701517e-004
2.990778302773833e-004
1.828678941819817e-004
2.846576308002113e-010
-1.846258237492293e-004
-3.048840735573322e-004
-3.114536229986697e-004
-1.855597365647554e-004
5.539432822843082e-005
3.619060444179922e-004
6.651513394899666e-004
8.950292249210179e-004
9.989142417907715e-004
9.557293960824609e-004
7.818054873496294e-004
5.266998778097332e-004
2.600847510620952e-004
5.311948552844115e-005
-4.066715700901114e-005
-3.571569928695340e-009
1.582195545779541e-004
3.831805370282382e-004
6.036839331500232e-004
7.472814177162945e-004
7.599775562994182e-004
6.211863365024328e-004
3.498569712974131e-004
-3.034621887110234e-009
-3.531529218889773e-004
-6.329852622002363e-004
-7.817470468580723e-004
-7.759652798995376e-004
-6.327914888970554e-004
-4.054610326420516e-004
-1.689954515313730e-004
-8.844749377345806e-010
4.426485247677192e-005
-5.835706906509586e-005
-2.884569112211466e-004
-5.896950024180114e-004
-8.836039341986179e-004
-1.090412959456444e-003
-1.150468946434557e-003
-1.040586736053228e-003
-7.806518697179854e-004
-4.287786723580211e-004
-6.626315735047683e-005
2.240124886156991e-004
3.795727679971606e-004
3.750876931007952e-004
2.292960416525602e-004
9.840411152595152e-009
-2.314193261554465e-004
-3.820795973297209e-004
-3.902399039361626e-004
-2.324494271306321e-004
6.938749720575288e-005
4.532052262220532e-004
8.327701943926513e-004
1.120393979363143e-003
1.250205212272704e-003
1.195945427753031e-003
9.781204862520099e-004
6.588360411114991e-004
3.252731694374234e-004
6.643068627454341e-005
-5.084382792119868e-005
-1.883514233469441e-009
1.977320061996579e-004
4.788200603798032e-004
7.542268140241504e-004
9.334720089100301e-004
9.491731761954725e-004
7.756926352158189e-004
4.367988440208137e-004
1.385413206378416e-008
-4.407853120937944e-004
-7.899191114120185e-004
-9.754010243341327e-004
-9.680349612608552e-004
-7.892890134826303e-004
-5.056543741375208e-004
-2.107358741341159e-004
1.672908145344820e-009
5.517744648386724e-005
-7.273788651218638e-005
-3.594522422645241e-004
-7.347561186179519e-004
-1.100796391256154e-003
-1.358224893920124e-003
-1.432827906683087e-003
-1.295785652473569e-003
-9.719590307213366e-004
-5.337883485481143e-004
-8.248299127444625e-005
2.787989214994013e-004
4.723286256194115e-004
4.666852764785290e-004
2.852465258911252e-004
6.286524190102227e-009
-2.878132218029350e-004
-4.751275992020965e-004
-4.852108540944755e-004
-2.889860479626805e-004
8.624784823041409e-005
5.632945685647428e-004
1.034920918755233e-003
1.392177189700306e-003
1.553288544528186e-003
1.485690590925515e-003
1.214952557347715e-003
8.182639721781015e-004
4.039269988425076e-004
8.248132508015260e-005
-6.312443292699754e-005
-3.900500367137738e-009
2.454433997627348e-004
5.942717543803155e-004
9.359834948554635e-004
1.158304046839476e-003
1.177656231448054e-003
9.623186779208481e-004
5.418357905000448e-004
6.139619923573036e-009
-5.466591683216393e-004
-9.795597288757563e-004
-1.209457754157484e-003
-1.200202153995633e-003
-9.784977883100510e-004
-6.268123397603631e-004
-2.611970703583211e-004
-4.721386837047703e-009
6.837944965809584e-005
-9.013806993607432e-005
-4.453829897101969e-004
-9.103066404350102e-004
-1.363689429126680e-003
-1.682465430349112e-003
-1.774729345925152e-003
-1.604857738129795e-003
-1.203684252686799e-003
-6.610084092244506e-004
-1.021226489683613e-004
3.451877273619175e-004
5.847631255164743e-004
5.777371698059142e-004
3.531006805133075e-004
4.120825347619928e-010
-3.562232595868409e-004
-5.880287499167025e-004
-6.004677270539105e-004
-3.576120070647448e-004
1.067163466359489e-004
6.969632231630385e-004
1.280451542697847e-003
1.722349785268307e-003
1.921568531543016e-003
1.837844843976200e-003
1.502857194282115e-003
1.012116787023842e-003
4.995976341888309e-004
1.020054114633240e-004
-7.806697249179706e-005
-8.612977553390522e-010
3.035151748917997e-004
7.348501821979880e-004
1.157352817244828e-003
1.432202057912946e-003
1.456075580790639e-003
1.189792412333190e-003
6.698786164633930e-004
1.429001450503620e-008
-6.758058443665505e-004
-1.210949849337339e-003
-1.495116855949163e-003
-1.483635744079948e-003
-1.209552166983485e-003
-7.747939671389759e-004
-3.228631976526231e-004
-1.649740677400757e-009
8.451964822597802e-005
-1.114085753215477e-004
-5.505013396032155e-004
-1.125115202739835e-003
-1.685485127381980e-003
-2.079451922327280e-003
-2.193472580984235e-003
-1.983514521270990e-003
-1.487684785388410e-003
-8.169499924406409e-004
-1.262232544831932e-004
4.266393370926380e-004
7.227325695566833e-004
7.140509551391006e-004
4.364216292742640e-004
4.978534029476123e-009
-4.402936610858887e-004
-7.268016925081611e-004
-7.421856862492859e-004
-4.420263285282999e-004
1.319211005466059e-004
8.614988764747977e-004
1.582776312716305e-003
2.129077445715666e-003
2.375392941758037e-003
2.271953970193863e-003
1.857905182987452e-003
1.251251320354641e-003
6.176710012368858e-004
1.261199504369870e-004
-9.652448352426291e-005
-3.453871411096543e-009
3.753106575459242e-004
9.086878853850067e-004
1.431220793165267e-003
1.771179493516684e-003
1.800796017050743e-003
1.471535884775221e-003
8.285634103231132e-004
7.870107343599386e-010
-8.359745261259377e-004
-1.498062629252672e-003
-1.849705353379250e-003
-1.835621893405914e-003
-1.496601267717779e-003
-9.587436798028648e-004
-3.995324659626931e-004
-4.607597414718612e-009
1.046069010044448e-004
-1.378948363708332e-004
-6.814443622715771e-004
-1.392876612953842e-003
-2.086753956973553e-003
-2.574747893959284e-003
-2.716159448027611e-003
-2.456382382661104e-003
-1.842531841248274e-003
-1.011911779642105e-003
-1.563441765028983e-004
5.285494262352586e-004
8.954729419201613e-004
8.848072029650211e-004
5.408334545791149e-004
1.170955155060938e-008
-5.457568913698196e-004
-9.010059875436127e-004
-9.201820357702673e-004
-5.480893305502832e-004
1.635902735870332e-004
1.068514422513545e-003
1.963319024071097e-003
2.641311613842845e-003
2.947281813248992e-003
2.819318324327469e-003
2.305814530700445e-003
1.553139300085604e-003
7.667862228117883e-004
1.565971761010587e-004
-1.198633472085930e-004
1.795167015039567e-009
4.661957500502467e-004
1.128937699832022e-003
1.778376987203956e-003
2.201160648837686e-003
2.238329499959946e-003
1.829378306865692e-003
1.030230079777539e-003
1.128447912890351e-008
-1.039814553223550e-003
-1.863633748143911e-003
-2.301514381542802e-003
-2.284408081322908e-003
-1.862851670011878e-003
-1.193598029203713e-003
-4.975008778274059e-004
8.153394626120303e-010
1.303078170167282e-004
-1.718177227303386e-004
-8.492000051774085e-004
-1.736137783154845e-003
-2.601568121463060e-003
-3.210644470527768e-003
-3.387718927115202e-003
-3.064394695684314e-003
-2.299092942848802e-003
-1.262960606254637e-003
-1.951849844772369e-004
6.599730113521218e-004
1.118405605666339e-003
1.105347182601690e-003
6.758105009794235e-004
5.259906399324166e-010
-6.822905852459371e-004
-1.126706600189209e-003
-1.150987343862653e-003
-6.857485859654844e-004
2.047506131930277e-004
1.337573165073991e-003
2.458404051139951e-003
3.308243583887816e-003
3.692508675158024e-003
3.533195005729795e-003
2.890501404181123e-003
1.947510405443609e-003
9.617896284908056e-004
1.964672846952453e-004
-1.504341489635408e-004
-1.589523623835021e-009
5.854553310200572e-004
1.418191124685109e-003
2.234766725450754e-003
2.766923513263464e-003
2.814563456922770e-003
2.301105298101902e-003
1.296294038183987e-003
2.717577984867603e-008
-1.309260143898428e-003
-2.347409026697278e-003
-2.899958053603768e-003
-2.879427745938301e-003
-2.348930574953556e-003
-1.505575375631452e-003
-6.277832435443997e-004
-3.004761106595311e-009
1.645521406317130e-004
-2.170507941627875e-004
-1.073230640031397e-003
-2.194968285039067e-003
-3.290465334430337e-003
-4.062438849359751e-003
-4.288252443075180e-003
-3.880572970956564e-003
-2.912681782618165e-003
-1.600668882019818e-003
-2.474989451002330e-004
8.372000884264708e-004
1.419336418621242e-003
1.403390895575285e-003
8.584160241298378e-004
9.466364581101061e-009
-8.674508426338434e-004
-1.433137455023825e-003
-1.464707427658141e-003
-8.730772533454001e-004
2.607979113236070e-004
1.704640570096672e-003
3.134588245302439e-003
4.220316186547279e-003
4.712912719696760e-003
4.511882551014423e-003
3.693090053275228e-003
2.489591715857387e-003
1.230143243446946e-003
2.514285442885011e-004
-1.926180702866986e-004
-6.808372088329406e-009
7.504756213165820e-004
1.818920718505979e-003
2.867855830118060e-003
3.552838694304228e-003
3.616131376475096e-003
2.958191791549325e-003
1.667472883127630e-003
9.513734244848138e-010
-1.686205388978124e-003
-3.025102661922574e-003
-3.739540930837393e-003
-3.715436672791839e-003
-3.032863372936845e-003
-1.945234602317214e-003
-8.116201497614384e-004
-1.145232020327569e-009
2.130317880073562e-004
-2.811922749970108e-004
-1.391315716318786e-003
-2.847545081749558e-003
-4.271748010069132e-003
-5.277757998555899e-003
-5.575164221227169e-003
-5.048863589763641e-003
-3.792387433350086e-003
-2.085706451907754e-003
-3.227317356504500e-004
1.092546386644244e-003
1.853703288361430e-003
1.834325259551406e-003
1.122902380302548e-003
6.415341591292645e-009
-1.136583625338972e-003
-1.879327464848757e-003
-1.922350260429084e-003
-1.146835274994373e-003
3.428784257266671e-004
2.243048278614879e-003
4.128278233110905e-003
5.563157610595226e-003
6.218112539499998e-003
5.958346650004387e-003
4.881573375314474e-003
3.293864894658327e-003
1.629092614166439e-003
3.332872583996505e-004
-2.555835235398263e-004
-5.712665007706619e-009
9.977675508707762e-004
2.420768607407808e-003
3.820690792053938e-003
4.738173913210630e-003
4.827657248824835e-003
3.953493200242519e-003
2.230905694887042e-003
2.363668194504953e-008
-2.260960871353746e-003
-4.060774575918913e-003
-5.025511141866446e-003
-4.998867399990559e-003
-4.085271153599024e-003
-2.623328939080238e-003
-1.095873420126736e-003
2.158762724135954e-009
2.883409615606070e-004
-3.810781927313656e-004
-1.887906924821436e-003
-3.868835745379329e-003
-5.811363458633423e-003
-7.189381401985884e-003
-7.604644168168306e-003
-6.896054837852716e-003
-5.186969414353371e-003
-2.856641076505184e-003
-4.426350351423025e-004
1.500640180893242e-003
2.549773780629039e-003
2.526829950511456e-003
1.549117499962449e-003
6.045301481627519e-010
-1.572771929204464e-003
-2.604584908112884e-003
-2.668396336957812e-003
-1.594468485563994e-003
4.774543340317905e-004
3.128714859485626e-003
5.767904687672854e-003
7.785801310092211e-003
8.717343211174011e-003
8.367695845663548e-003
6.867639254778624e-003
4.642284475266933e-003
2.300151390954852e-003
4.714395618066192e-004
-3.622100921347737e-004
-3.382791824435572e-009
1.419453299604356e-003
3.450564807280898e-003
5.456868093460798e-003
6.780955940485001e-003
6.923192646354437e-003
5.681392271071672e-003
3.212715033441782e-003
1.736270860419609e-008
-3.270137822255492e-003
-5.886341445147991e-003
-7.301222067326307e-003
-7.279163692146540e-003
-5.962665192782879e-003
-3.837944474071264e-003
-1.607122016139329e-003
-7.198324158963487e-009
4.249505582265556e-004
-5.630404921248555e-004
-2.796557266265154e-003
-5.745926871895790e-003
-8.653889410197735e-003
-1.073491014540196e-002
-1.138622406870127e-002
-1.035421062260866e-002
-7.810282986611128e-003
-4.313876852393150e-003
-6.703892140649259e-004
2.279686043038964e-003
3.885313402861357e-003
3.862348850816488e-003
2.375407144427300e-003
6.817791664559536e-009
-2.427441300824285e-003
-4.033465869724751e-003
-4.146412480622530e-003
-2.486268058419228e-003
7.471673889085650e-004
4.913725424557924e-003
9.092119522392750e-003
1.231924165040255e-002
1.384621486067772e-002
1.334295794367790e-002
1.099480502307415e-002
7.462444249540567e-003
3.712909296154976e-003
7.642406853847206e-004
-5.897178198210895e-004
2.200689630527108e-009
2.331825671717525e-003
5.694704130291939e-003
9.048473089933395e-003
1.129845157265663e-002
1.159253809601069e-002
9.561358019709587e-003
5.434758029878140e-003
1.042454012001315e-009
-5.591327324509621e-003
-1.012042164802551e-002
-1.262438949197531e-002
-1.265950128436089e-002
-1.043178141117096e-002
-6.755591370165348e-003
-2.846576040610671e-003
-3.704795137338124e-009
7.625181460753083e-004
-1.017148373648524e-003
-5.087076686322689e-003
-1.052656210958958e-002
-1.597005501389504e-002
-1.995943300426006e-002
-2.133411541581154e-002
-1.955472864210606e-002
-1.487096305936575e-002
-8.282836526632309e-003
-1.298354472965002e-003
4.454477690160275e-003
7.661689072847366e-003
7.688636425882578e-003
4.774915054440498e-003
6.921557105243892e-009
-4.980183672159910e-003
-8.364234119653702e-003
-8.694203570485115e-003
-5.273252725601196e-003
1.603640732355416e-003
1.067621726542711e-002
2.000759169459343e-002
2.746878378093243e-002
3.129876405000687e-002
3.059268184006214e-002
2.558376267552376e-002
1.763298362493515e-002
8.914635516703129e-003
1.865738653577864e-003
-1.464915112592280e-003
-3.267001780216106e-009
6.011427380144596e-003
1.497509330511093e-002
2.429419010877609e-002
3.100399672985077e-002
3.254832327365875e-002
2.750043198466301e-002
1.603365689516068e-002
1.157976026178176e-008
-1.743156090378761e-002
-3.251428157091141e-002
-4.187446832656860e-002
-4.344242811203003e-002
-3.711995109915733e-002
-2.499028109014034e-002
-1.097828987985849e-002
-4.199693481865552e-009
3.228975925594568e-003
-4.540679045021534e-003
-2.405693568289280e-002
-5.303370952606201e-002
-8.629196137189865e-002
-1.165978312492371e-001
-1.360600739717484e-001
-1.378106921911240e-001
-1.176106110215187e-001
-7.501951605081558e-002
-1.384701952338219e-002
5.825219303369522e-002
1.309951692819595e-001
1.932771801948547e-001
2.352131754159927e-001
2.500000000000000e-001
2.352142035961151e-001
1.932788491249085e-001
1.309968680143356e-001
5.825320631265640e-002
-1.384731940925121e-002
-7.502146065235138e-002
-1.176141723990440e-001
-1.378154605627060e-001
-1.360653787851334e-001
-1.166028752923012e-001
-8.629606664180756e-002
-5.303646624088287e-002
-2.405828796327114e-002
-4.540954250842333e-003
3.229185473173857e-003
-4.199984360298004e-009
-1.097909733653069e-002
-2.499222569167614e-002
-3.712300211191177e-002
-4.344619065523148e-002
-4.187827184796333e-002
-3.251737728714943e-002
-1.743329502642155e-002
1.158096285536203e-008
1.603539101779461e-002
2.750352770090103e-002
3.255212679505348e-002
3.100775368511677e-002
2.429723739624023e-002
1.497703790664673e-002
6.012233905494213e-003
-3.267454085076338e-009
-1.465124310925603e-003
1.866013277322054e-003
8.915985934436321e-003
1.763573102653027e-002
2.558786049485207e-002
3.059771656990051e-002
3.130405023694038e-002
2.747354097664356e-002
2.001114189624786e-002
1.067815907299519e-002
1.603939337655902e-003
-5.274257156997919e-003
-8.695898577570915e-003
-8.365901187062264e-003
-4.981197416782379e-003
6.922995954283806e-009
4.775928799062967e-003
7.690301630645990e-003
7.663382217288017e-003
4.455481190234423e-003
-1.298652612604201e-003
-8.284774608910084e-003
-1.487450767308474e-002
-1.955947466194630e-002
-2.133938670158386e-002
-1.996445097029209e-002
-1.597413979470730e-002
-1.052930112928152e-002
-5.088422447443008e-003
-1.017421833239496e-003
7.627264712937176e-004
-3.705823425903532e-009
-2.847378607839346e-003
-6.757525261491537e-003
-1.043481379747391e-002
-1.266323588788509e-002
-1.262816879898310e-002
-1.012349501252174e-002
-5.593049805611372e-003
1.042779640414437e-009
5.436480045318604e-003
9.564428590238094e-003
1.159631181508303e-002
1.130217872560024e-002
9.051498025655747e-003
5.696632899343967e-003
2.332625677809119e-003
2.201454130101865e-009
-5.899252137169242e-004
7.645128644071519e-004
3.714247839525342e-003
7.465167436748743e-003
1.099886558949947e-002
1.334794424474239e-002
1.385144889354706e-002
1.232395321130753e-002
9.095637127757072e-003
4.915647674351931e-003
7.474630256183446e-004
-2.487262710928917e-003
-4.148089326918125e-003
-4.035114776343107e-003
-2.428444335237145e-003
6.820638276394675e-009
2.376409480348229e-003
3.863995894789696e-003
3.886987222358584e-003
2.280678134411573e-003
-6.706839194521308e-004
-4.315792582929134e-003
-7.813786156475544e-003
-1.035889983177185e-002
-1.139143016189337e-002
-1.073986571282148e-002
-8.657923899590969e-003
-5.748630501329899e-003
-2.797885332256556e-003
-5.633104010485113e-004
4.251561476849020e-004
-7.201838236881031e-009
-1.607913756743074e-003
-3.839852288365364e-003
-5.965655203908682e-003
-7.282846141606569e-003
-7.304948288947344e-003
-5.889371968805790e-003
-3.271835623309016e-003
1.737179999850014e-008
3.214411670342088e-003
5.684417206794024e-003
6.926910020411015e-003
6.784627214074135e-003
5.459846928715706e-003
3.452463541179895e-003
1.420240732841194e-003
-3.384683422424928e-009
-3.624142846092582e-004
4.717074334621429e-004
2.301468281075358e-003
4.644963424652815e-003
6.871632765978575e-003
8.372599259018898e-003
8.722490631043911e-003
7.790433242917061e-003
5.771362222731113e-003
3.130604047328234e-003
4.777448193635792e-004
-1.595445675775409e-003
-2.670043613761663e-003
-2.606204710900784e-003
-1.573757035657764e-003
6.049114542605594e-010
1.550101675093174e-003
2.528446726500988e-003
2.551416400820017e-003
1.501613762229681e-003
-4.429242108017206e-004
-2.858520019799471e-003
-5.190404597669840e-003
-6.900653243064880e-003
-7.609749212861061e-003
-7.194241043180227e-003
-5.815317388623953e-003
-3.871485590934753e-003
-1.889208448119462e-003
-3.813426301348954e-004
2.885423600673676e-004
2.160280176966012e-009
-1.096648862585425e-003
-2.625196939334273e-003
-4.088198766112328e-003
-5.002472549676895e-003
-5.029157735407352e-003
-4.063739906996489e-003
-2.262622350826860e-003
2.365415596727871e-008
2.232565078884363e-003
3.956452477723360e-003
4.831292666494846e-003
4.741763230413199e-003
3.823602572083473e-003
2.422624733299017e-003
9.985370561480522e-004
-5.717097462110132e-009
-2.557830011937767e-004
3.335488727316260e-004
1.630378770641983e-003
3.296480514109135e-003
4.885472822934389e-003
5.963133182376623e-003
6.223136559128761e-003
5.567677784711123e-003
4.131651483476162e-003
2.244891365990043e-003
3.431617515161634e-004
-1.147788134403527e-003
-1.923956559039652e-003
-1.880906405858696e-003
-1.137543818913400e-003
6.420790565897505e-009
1.123861293308437e-003
1.835900242440403e-003
1.855303649790585e-003
1.093494705855846e-003
-3.230133443139494e-004
-2.087535802274942e-003
-3.795731812715530e-003
-5.053339526057243e-003
-5.580132361501455e-003
-5.282486323267222e-003
-4.275594837963581e-003
-2.850122284144163e-003
-1.392581500113010e-003
-2.814494364429265e-004
2.132275985786691e-004
-1.146290062870037e-009
-8.123737061396241e-004
-1.947049633599818e-003
-3.035708097741008e-003
-3.718939144164324e-003
-3.743082983419299e-003
-3.027982544153929e-003
-1.687818556092680e-003
9.522880262125000e-010
1.669083721935749e-003
2.961063757538796e-003
3.619658993557096e-003
3.556320909410715e-003
2.870680531486869e-003
1.820720848627389e-003
7.512217853218317e-004
-6.815175090935099e-009
-1.928114361362532e-004
2.516820968594402e-004
1.231389935128391e-003
2.492126310244203e-003
3.696867264807224e-003
4.516519140452147e-003
4.717778414487839e-003
4.224692471325398e-003
3.137854393571615e-003
1.706424751318991e-003
2.610721567180008e-004
-8.739993791095913e-004
-1.466261572204530e-003
-1.434664940461516e-003
-8.683794294483960e-004
9.476544882147664e-009
8.593433303758502e-004
1.404913491569459e-003
1.420883229002357e-003
8.381165098398924e-004
-2.477710659150034e-004
-1.602436532266438e-003
-2.915912074968219e-003
-3.884895239025354e-003
-4.293050151318312e-003
-4.067003726959229e-003
-3.294178284704685e-003
-2.197455847635865e-003
-1.074452069588006e-003
-2.172988897655159e-004
1.647410099394620e-004
-3.008224780387536e-009
-6.285099661909044e-004
-1.507325447164476e-003
-2.351672621443868e-003
-2.882803324609995e-003
-2.903371583670378e-003
-2.350183669477701e-003
-1.310814172029495e-003
2.720816638657198e-008
1.297845388762653e-003
2.303870627656579e-003
2.817959291860461e-003
2.770275576040149e-003
2.237485256046057e-003
1.419923151843250e-003
5.861732643097639e-004
-1.591480724982830e-009
-1.506201224401593e-004
1.967111020348966e-004
9.629881242290139e-004
1.949946745298803e-003
2.894131699576974e-003
3.537650220096111e-003
3.697182983160019e-003
3.312448039650917e-003
2.461540745571256e-003
1.339286565780640e-003
2.050139155471697e-004
-6.866338080726564e-004
-1.152478856965900e-003
-1.128172269091010e-003
-6.831815699115396e-004
5.266801439418600e-010
6.766998558305204e-004
1.106807379983366e-003
1.119888620451093e-003
6.608514231629670e-004
-1.954457547981292e-004
-1.264654449187219e-003
-2.302188426256180e-003
-3.068535821512342e-003
-3.392313839867711e-003
-3.215015400201082e-003
-2.605123212561011e-003
-1.738518942147493e-003
-8.503691642545164e-004
-1.720551226753742e-004
1.304885227000341e-004
8.164743880989533e-010
-4.981959355063736e-004
-1.195271615870297e-003
-1.865473110228777e-003
-2.287634648382664e-003
-2.304777037352324e-003
-1.866285223513842e-003
-1.041299197822809e-003
1.130064930521257e-008
1.031711581163108e-003
1.832018955610693e-003
2.241571899503470e-003
2.204360673204064e-003
1.780971419066191e-003
1.130590448155999e-003
4.668806795962155e-004
1.797814119797181e-009
-1.200407132273540e-004
1.568297011544928e-004
7.679287809878588e-004
1.555461552925408e-003
2.309274394065142e-003
2.823563292622566e-003
2.951735164970160e-003
2.645316533744335e-003
1.966306241229177e-003
1.070145750418305e-003
1.638408721191809e-004
-5.489318282343447e-004
-9.216016042046249e-004
-9.024005848914385e-004
-5.466045113280416e-004
1.172780095259896e-008
5.416790954768658e-004
8.861954556778073e-004
8.968829060904682e-004
5.293844151310623e-004
-1.565919810673222e-004
-1.013521105051041e-003
-1.845471793785691e-003
-2.460314659401774e-003
-2.720522461459041e-003
-2.578897867351770e-003
-2.090128371492028e-003
-1.395136583596468e-003
-6.825536256656051e-004
-1.381200272589922e-004
1.047783080139197e-004
-4.615173132549444e-009
-4.001914930995554e-004
-9.603303624317050e-004
-1.499086036346853e-003
-1.838679425418377e-003
-1.852796413004398e-003
-1.500574406236410e-003
-8.373807067982853e-004
7.883387831419952e-010
8.299661567434669e-004
1.474035088904202e-003
1.803864142857492e-003
1.774206990376115e-003
1.433675177395344e-003
9.102512267418206e-004
3.759583923965693e-004
-3.459851294351779e-009
-9.669212886365131e-005
1.263396843569353e-004
6.187508115544915e-004
1.253445399925113e-003
1.861173310317099e-003
2.275963081046939e-003
2.379597630351782e-003
2.132857684046030e-003
1.585595775395632e-003
8.630382944829762e-004
1.321575691690669e-004
-4.428210959304124e-004
-7.435243460349739e-004
-7.281165453605354e-004
-4.410926776472479e-004
4.987597890249162e-009
4.372185794636607e-004
7.153589976951480e-004
7.240605773404241e-004
4.274256352800876e-004
-1.264566089957953e-004
-8.184650796465576e-004
-1.490452210418880e-003
-1.987215364351869e-003
-2.197577618062496e-003
-2.083355328068137e-003
-1.688658609054983e-003
-1.127240248024464e-003
-5.515443044714630e-004
-1.116202693083324e-004
8.468073792755604e-005
-1.652894154879903e-009
-3.234822361264378e-004
-7.762838504277170e-004
-1.211885479278863e-003
-1.486506313085556e-003
-1.498018391430378e-003
-1.213306677527726e-003
-6.771250045858324e-004
1.431799212525675e-008
6.711941678076983e-004
1.192135852761567e-003
1.458952086977661e-003
1.435039681382477e-003
1.159652485512197e-003
7.363146869465709e-004
3.041219315491617e-004
-8.630245962315541e-010
-7.822395127732307e-005
1.022111100610346e-004
5.006080027669668e-004
1.014169654808939e-003
1.505914377048612e-003
1.841594930738211e-003
1.925500575453043e-003
1.725884503684938e-003
1.283086952753365e-003
6.984017672948539e-004
1.069372519850731e-004
-3.583545039873570e-004
-6.017179694026709e-004
-5.892566405236721e-004
-3.569692198652774e-004
4.129479258541124e-010
3.538443706929684e-004
5.789575516246259e-004
5.860019591636956e-004
3.459210565779358e-004
-1.023402146529406e-004
-6.624206434935331e-004
-1.206263201311231e-003
-1.608305843546987e-003
-1.778553822077811e-003
-1.686101197265089e-003
-1.366644632071257e-003
-9.122848277911544e-004
-4.463535733520985e-004
-9.033505921252072e-005
6.852932710899040e-005
-4.731763869614269e-009
-2.617727732285857e-004
-6.281976820901036e-004
-9.806664893403649e-004
-1.202869578264654e-003
-1.212153583765030e-003
-9.817492682486773e-004
-5.478844395838678e-004
6.153418663501498e-009
5.430569872260094e-004
9.644934325478971e-004
1.180325285531580e-003
1.160936546511948e-003
9.381165727972984e-004
5.956297973170877e-004
2.460058312863112e-004
-3.909462531481722e-009
-6.326987931970507e-005
8.267191878985614e-005
4.048628616146743e-004
8.201650343835354e-004
1.217782963067293e-003
1.489161048084498e-003
1.556926988996565e-003
1.395447528921068e-003
1.037358655594289e-003
5.646249046549201e-004
8.645208436064422e-005
-2.896722580771893e-004
-4.863660724367946e-004
-4.762620374094695e-004
-2.885022840928286e-004
6.301615229631352e-009
2.859331143554300e-004
4.678115947172046e-004
4.734716203529388e-004
2.794754109345377e-004
-8.268369128927589e-005
-5.350906285457313e-004
-9.743365808390081e-004
-1.298963790759444e-003
-1.436351682059467e-003
-1.361574046313763e-003
-1.103518297895789e-003
-7.365777273662388e-004
-3.603458171710372e-004
-7.291918154805899e-005
5.531534043257125e-005
1.677099681351990e-009
-2.112653746735305e-004
-5.069281905889511e-004
-7.912825676612556e-004
-9.704864351078868e-004
-9.778777603060007e-004
-7.919301278889179e-004
-4.419104079715908e-004
1.388959169901227e-008
4.379197780508548e-004
7.776885177008808e-004
9.516217396594584e-004
9.358862880617380e-004
7.561826496385038e-004
4.800651513505727e-004
1.982474786927924e-004
-1.888437406449839e-009
-5.097706889500842e-005
6.660522194579244e-005
3.261299862060696e-004
6.605762755498290e-004
9.807107271626592e-004
1.199120655655861e-003
1.253532944247127e-003
1.123384106904268e-003
8.349982672370970e-004
4.544209514278919e-004
6.957413279451430e-005
-2.330762654310092e-004
-3.912950051017106e-004
-3.831152280326933e-004
-2.320482017239556e-004
9.867220818193800e-009
2.299224142916501e-004
3.761149710044265e-004
3.806149761658162e-004
2.246291114715859e-004
-6.644602399319410e-005
-4.299650026950985e-004
-7.828176021575928e-004
-1.043480937369168e-003
-1.153676770627499e-003
-1.093460945412517e-003
-8.860801463015378e-004
-5.913517088629305e-004
-2.892693446483463e-004
-5.852188041899353e-005
4.439018084667623e-005
-8.869855405713167e-010
-1.694763341220096e-004
-4.066176479682326e-004
-6.346011650748551e-004
-7.781903259456158e-004
-7.839942700229585e-004
-6.348094902932644e-004
-3.541732148732990e-004
-3.043411078706981e-009
3.508727822918445e-004
6.229947321116924e-004
7.621956174261868e-004
7.494678138755262e-004
6.054545519873500e-004
3.843072336167097e-004
1.586859289091080e-004
-3.582123708767426e-009
-4.078764686710201e-005
5.327725011738949e-005
2.608591457828879e-004
5.282719503156841e-004
7.841447368264198e-004
9.585961815901101e-004
1.001918339170516e-003
8.977276156656444e-004
6.671615992672741e-004
3.630025312304497e-004
5.556257019634359e-005
-1.861247001215816e-004
-3.124043287243694e-004
-3.058170550502837e-004
-1.851921697380021e-004
2.855329583884014e-010
1.834315917221829e-004
3.000019933097065e-004
3.035299305338413e-004
1.791083923308179e-004
-5.297365714795888e-005
-3.426905022934079e-004
-6.237760535441339e-004
-8.313318830914795e-004
-9.189363336190581e-004
-8.707946981303394e-004
-7.055101450532675e-004
-4.707366751972586e-004
-2.302193024661392e-004
-4.657210956793279e-005
3.531506081344560e-005
-2.481285621414031e-009
-1.347739016637206e-004
-3.232737653888762e-004
-5.044359131716192e-004
-6.184384110383689e-004
-6.229183636605740e-004
-5.042707780376077e-004
-2.812791208270937e-004
3.263553427501620e-009
2.785316901281476e-004
4.944612155668438e-004
6.048064096830785e-004
5.945765296928585e-004
4.802146577276290e-004
3.047423379030079e-004
1.258025295101106e-004
4.028682942802675e-010
-3.232124436181039e-005
4.221172275720164e-005
2.066126326099038e-004
4.183397104497999e-004
6.208197446539998e-004
7.587570580653846e-004
7.928616250865161e-004
7.102412637323141e-004
5.277016316540539e-004
2.870667376555502e-004
4.392323899082840e-005
-1.471176947234199e-004
-2.468691673129797e-004
-2.416069037280977e-004
-1.462696964154020e-004
3.249542412930850e-009
1.448065158911049e-004
2.367819979554042e-004
2.395058108959347e-004
1.412916317349300e-004
-4.177106166025624e-005
-2.702114870771766e-004
-4.917206242680550e-004
-6.551623810082674e-004
-7.240262930281460e-004
-6.859205313958228e-004
-5.555844400078058e-004
-3.706174902617931e-004
-1.812017144402489e-004
-3.664530959213153e-005
2.778145972115453e-005
8.071566193201818e-010
-1.059738060575910e-004
-2.541235007811338e-004
-3.964213829021901e-004
-4.858926113229245e-004
-4.892822471447289e-004
-3.959901514463127e-004
-2.208274236181751e-004
7.019401060404107e-009
2.185506891692057e-004
3.878648276440799e-004
4.743018944282085e-004
4.661524726543576e-004
3.763957065530121e-004
2.387974527664483e-004
9.854794188868254e-005
-9.500552566876763e-010
-2.530648453102913e-005
3.304243728052825e-005
1.616811641724780e-004
3.272616595495492e-004
4.855294246226549e-004
5.932513740845025e-004
6.197428447194397e-004
5.550120840780437e-004
4.122464742977172e-004
2.241948386654258e-004
3.430115975788795e-005
-1.148295632447116e-004
-1.926423865370452e-004
-1.884810626506805e-004
-1.140790845965967e-004
4.891372640258851e-009
1.128715448430739e-004
1.845056103775278e-004
1.865776284830645e-004
1.100329973269254e-004
-3.252437454648316e-005
-2.103067527059466e-004
-3.826133033726364e-004
-5.096387467347086e-004
-5.630403757095337e-004
-5.332547589205205e-004
-4.317966522648931e-004
-2.879557432606816e-004
-1.407520612701774e-004
-2.845388371497393e-005
2.156656773877330e-005
-4.574761403031147e-010
-8.221291500376537e-005
-1.970987505046651e-004
-3.073718398809433e-004
-3.766285371966660e-004
-3.791436902247369e-004
-3.067584184464067e-004
-1.710132783045992e-004
-1.404034999374915e-009
1.691542856860906e-004
3.001063887495548e-004
3.668715362437069e-004
3.604594967328012e-004
2.909642644226551e-004
1.845398364821449e-004
7.613817433593795e-005
-1.726568887860935e-009
-1.953864921233617e-005
2.550105455156881e-005
1.247585605597124e-004
2.524464507587254e-004
3.744160057976842e-004
4.573401238303632e-004
4.776174901053309e-004
4.275985702406615e-004
3.175157762598246e-004
1.726177579257637e-004
2.639965350681450e-005
-8.836101915221661e-005
-1.481877552578226e-004
-1.449422416044399e-004
-8.769870328251272e-005
1.688780365549647e-010
8.671946125105023e-005
1.417101593688130e-004
1.432557182852179e-004
8.446153515251353e-005
-2.495951412129216e-005
-1.613276690477505e-004
-2.934038930106908e-004
-3.906980273313820e-004
-4.315002588555217e-004
-4.085443797521293e-004
-3.307154111098498e-004
-2.204732008976862e-004
-1.077321576303802e-004
-2.177480928367004e-005
1.649732803343795e-005
-1.178669051249415e-009
-6.285016570473090e-005
-1.506238622823730e-004
-2.348287089262158e-004
-2.876490761991590e-004
-2.894798235502094e-004
-2.341375220566988e-004
-1.304860197706148e-004
1.561716311826444e-009
1.289849751628935e-004
2.287781826453283e-004
2.795864420477301e-004
2.746151003520936e-004
2.215992426499724e-004
1.405017974320799e-004
5.795008109998889e-005
1.783921343978534e-010
-1.486218843638199e-005
1.939290086738765e-005
9.483747271588072e-005
1.918517518788576e-004
2.844565024133772e-004
3.473490651231259e-004
3.626381512731314e-004
3.245596890337765e-004
2.409291191725060e-004
1.309469807893038e-004
2.001790744543541e-005
-6.698873039567843e-005
-1.123091424233280e-004
-1.098168359021656e-004
-6.642401422141120e-005
1.499936619353548e-009
6.564196519320831e-005
1.072391096386127e-004
1.083756360458210e-004
6.387678149621934e-005
-1.886749851109926e-005
-1.219418918481097e-004
-2.217066794401035e-004
-2.951351925730705e-004
-3.258651995565742e-004
-3.084389318246394e-004
-2.496073720976710e-004
-1.663586444919929e-004
-8.126320608425885e-005
-1.641960261622444e-005
1.243692713615019e-005
-1.513020486676453e-009
-4.735695620183833e-005
-1.134603662649170e-004
-1.768360380083323e-004
-2.165556070394814e-004
-2.178733702749014e-004
-1.761753665050492e-004
-9.815376688493416e-005
3.154321248644010e-009
9.697614586912096e-005
1.719537540338934e-004
2.100901765516028e-004
2.062998828478158e-004
1.664318697294220e-004
1.054939857567661e-004
4.349941445980221e-005
-4.330492631154925e-010
-1.115104896598496e-005
1.454728680982953e-005
7.112058665370569e-005
1.438329491065815e-004
2.132134977728128e-004
2.602914464659989e-004
2.716837916523218e-004
2.431010216241702e-004
1.804158237064257e-004
9.803424472920597e-005
1.498636356700445e-005
-5.013088593841530e-005
-8.402649837080389e-005
-8.214342960854992e-005
-4.967671702615917e-005
2.147365618654362e-009
4.907048423774540e-005
8.014789636945352e-005
8.098143734969199e-005
4.772043394041248e-005
-1.409430387866451e-005
-9.106288780458272e-005
-1.655405212659389e-004
-2.203254989581183e-004
-2.432213950669393e-004
-2.301740751136094e-004
-1.862381468527019e-004
-1.241028512595221e-004
-6.061494786990807e-005
-1.224440075020539e-005
9.273660907638259e-006
-2.008979926859666e-010
-3.530190224410035e-005
-8.456506475340575e-005
-1.317817223025486e-004
-1.613582426216453e-004
-1.623196440050378e-004
-1.312369713559747e-004
-7.311141234822571e-005
3.823709793238095e-009
7.221685518743470e-005
1.280369469895959e-004
1.564162521390244e-004
1.535801711725071e-004
1.238890981767327e-004
7.852382987039164e-005
3.237447890569456e-005
-7.441989802181581e-010
-8.298141437990125e-006
1.082373546523741e-005
5.292065543471836e-005
1.070198704837821e-004
1.586329890415072e-004
1.936554181156680e-004
2.021247782977298e-004
1.808555243769661e-004
1.342213363386691e-004
7.293014641618356e-005
1.114779297495261e-005
-3.729292075149715e-005
-6.251175364013761e-005
-6.111148832133040e-005
-3.695805207826197e-005
8.536191198338372e-011
3.651109364000149e-005
5.963656076346524e-005
6.026042683515698e-005
3.551134432200342e-005
-1.049035927280784e-005
-6.777777889510617e-005
-1.232182694366202e-004
-1.640161644900218e-004
-1.810791582101956e-004
-1.713857054710388e-004
-1.386870717396960e-004
-9.242826490662992e-005
-4.515033651841804e-005
-9.123094059759751e-006
6.910049705766141e-006
-4.967919409182287e-010
-2.631189272506163e-005
-6.304541602730751e-005
-9.826566383708268e-005
-1.203445717692375e-004
-1.210882255691104e-004
-9.792237688088790e-005
-5.456441795104183e-005
6.734824364862391e-010
5.392622915678658e-005
9.563346247887239e-005
1.168629169114865e-004
1.147779112216085e-004
9.261547529604286e-005
5.872005567653105e-005
2.421901263005566e-005
-8.726124822722170e-010
-6.211650543264113e-006
8.105713277473114e-006
3.964248753618449e-005
8.020256791496649e-005
1.189292670460418e-004
1.452443830203265e-004
1.516617630841211e-004
1.357613218715414e-004
1.007997270789929e-004
5.479789615492337e-005
8.379042810702231e-006
-2.804767609632108e-005
-4.703694503405131e-005
-4.600784086505882e-005
-2.783796844596509e-005
6.395701745987026e-010
2.753119952103589e-005
4.499648639466614e-005
4.549359437078238e-005
2.682660669961479e-005
-7.927818842290435e-006
-5.126473843120039e-005
-9.325741120846942e-005
-1.242155267391354e-004
-1.372321275994182e-004
-1.299755676882342e-004
-1.052535953931510e-004
-7.019793702056631e-005
-3.431506775086746e-005
-6.938695605640532e-006
5.259768386167707e-006
-6.428541587943926e-010
-2.006097565754317e-005
-4.810492100659758e-005
-7.504240784328431e-005
-9.198339103022590e-005
-9.263225365430117e-005
-7.497831393266097e-005
-4.181610711384565e-005
1.360989321241846e-009
4.140351302339695e-005
7.349763473030180e-005
8.990240166895092e-005
8.838607755023986e-005
7.139296940295026e-005
4.531019294518046e-005
1.870752021204680e-005
-1.925403725344665e-010
-4.808661742572440e-006
6.282069534790935e-006
3.075696440646425e-005
6.229455175343901e-005
9.248391143046320e-005
1.130804739659652e-004
1.182180858450010e-004
1.059537753462791e-004
7.876454037614167e-005
4.287233969080262e-005
6.565315288753482e-006
-2.200103517679963e-005
-3.694443512358703e-005
-3.618410119088367e-005
-2.192442843806930e-005
9.580316540080958e-010
2.174253859266173e-005
3.558492971933447e-005
3.602979268180206e-005
2.127653897332493e-005
-6.297681920841569e-006
-4.077890844200738e-005
-7.429763354593888e-005
-9.911305824061856e-005
-1.096685882657766e-004
-1.040327333612368e-004
-8.437909855274484e-005
-5.636639252770692e-005
-2.760003553703427e-005
-5.589567535935203e-006
4.244465799274622e-006
-9.749136914427581e-011
-1.624389915377833e-005
-3.901737727574073e-005
-6.097445657360368e-005
-7.487157563446090e-005
-7.553477917099372e-005
-6.124925130279735e-005
-3.422135705477558e-005
-2.558216971593197e-010
3.401093999855220e-005
6.048908471711911e-005
7.412904960801825e-005
7.301902951439843e-005
5.909366154810414e-005
3.757970262086019e-005
1.554574919282459e-005
2.412143818020240e-010
-4.012054432678269e-006
5.252409664535662e-006
2.576609040261246e-005
5.229665111983195e-005
7.780256419209763e-005
9.532880358165130e-005
9.987183875637129e-005
8.970105409389362e-005
6.682828825432807e-005
3.645315155154094e-005
5.592386969510699e-006
-1.878873990790453e-005
-3.162176290061325e-005
-3.104039569734596e-005
-1.884965786302928e-005
1.216473033416321e-009
1.877810973383021e-005
3.080497845076025e-005
3.126192677882500e-005
1.850472835940309e-005
-5.490389867190970e-006
-3.563401696737856e-005
-6.507200305350125e-005
-8.701429032953456e-005
-9.651142318034545e-005
-9.177206084132195e-005
-7.461373752448708e-005
-4.996527422918007e-005
-2.452441367495339e-005
-4.978665401722537e-006
3.789999027503654e-006
-2.785833230767310e-010
