1.392879006578696e-010
-1.894845922834065e-006
2.488996187821613e-006
1.225988853548188e-005
2.497656350897159e-005
3.729578747879714e-005
4.586992872646079e-005
4.823617928195745e-005
4.348719448898919e-005
3.251933594583534e-005
1.780692946340423e-005
2.743494860624196e-006
-9.246141416952014e-006
-1.561961835250258e-005
-1.539049117127433e-005
-9.381244126416277e-006
-6.076983916081247e-010
9.415993190486915e-006
1.550483284518123e-005
1.579439958732110e-005
9.384087206854019e-006
-2.792987061184249e-006
-1.820473517000210e-005
-3.337238013045862e-005
-4.479215931496583e-005
-4.986838030163199e-005
-4.759749936056323e-005
-3.884470788761973e-005
-2.610898081911728e-005
-1.286301358049968e-005
-2.621990006446140e-006
2.002708015425014e-006
-1.204016608635783e-010
-7.759245818306226e-006
-1.875599082268309e-005
-2.949215013359208e-005
-3.644018579507247e-005
-3.699235821841285e-005
-3.018420829903334e-005
-1.697074185358360e-005
1.276435901420570e-010
1.707413503027055e-005
3.055779598071240e-005
3.768322858377360e-005
3.735065183718689e-005
3.041650597879197e-005
1.946255542861763e-005
8.102382707875222e-006
4.862608926625711e-011
-2.116932591889054e-006
2.787682205962483e-006
1.376435284328181e-005
2.810915066220332e-005
4.207693200442009e-005
5.187532224226743e-005
5.468332165037282e-005
4.941803490510210e-005
3.704347909661010e-005
2.033081364061218e-005
3.139657792416983e-006
-1.060682643583277e-005
-1.796094511519186e-005
-1.773848453012761e-005
-1.083786719391355e-005
-4.775258521938497e-010
1.092770162358647e-005
1.803442501113750e-005
1.841270022850949e-005
1.096467349270824e-005
-3.271843070251634e-006
-2.136478724423796e-005
-3.924973862012848e-005
-5.279679317027330e-005
-5.890606917091645e-005
-5.634416811517440e-005
-4.608004383044317e-005
-3.103718700003810e-005
-1.532362512079999e-005
-3.129729293505079e-006
2.395601995885954e-006
9.591765576244526e-011
-9.319217497250065e-006
-2.257074629596900e-005
-3.556250157998875e-005
-4.402584818308242e-005
-4.477985567064025e-005
-3.660767833935097e-005
-2.062166095129214e-005
-6.778427263931519e-010
2.082599894492887e-005
3.734101119334810e-005
4.613189594238065e-005
4.580754102789797e-005
3.736999133252539e-005
2.395491537754424e-005
9.989556929212995e-006
3.201075515768537e-010
-2.619024371597334e-006
3.454940724623157e-006
1.708588206383865e-005
3.495158307487145e-005
5.240461905486882e-005
6.471197411883622e-005
6.832335202489048e-005
6.184152880450711e-005
4.642784188035876e-005
2.552142177592032e-005
3.946671768062515e-006
-1.335470642516157e-005
-2.264698377985042e-005
-2.239910463686101e-005
-1.370468453387730e-005
-3.183641128501336e-010
1.385688210575609e-005
2.290088013978675e-005
2.341272011108231e-005
1.396055267832708e-005
-4.170545253145974e-006
-2.727440551097971e-005
-5.016997238271870e-005
-6.756997754564509e-005
-7.548266148660332e-005
-7.228763570310548e-005
-5.918987517361529e-005
-3.991543053416535e-005
-1.972910649783444e-005
-4.033962795801926e-006
3.091305643465603e-006
4.342609327689928e-010
-1.205259741254849e-005
-2.922169187513646e-005
-4.608900053426623e-005
-5.711721314582974e-005
-5.815412441734225e-005
-4.758925933856517e-005
-2.683457933017053e-005
-3.351325050804377e-010
2.715159826038871e-005
4.872632416663691e-005
6.025311085977592e-005
5.988252087263390e-005
4.889579577138647e-005
3.137038584100083e-005
1.309226445300737e-005
2.471916005220010e-010
-3.438246494624764e-006
4.539360816124827e-006
2.246520853077527e-005
4.598874875227921e-005
6.900488369865343e-005
8.527380850864574e-005
9.009626955958083e-005
8.160605648299679e-005
6.130676774773747e-005
3.372241189936176e-005
5.219385911914287e-006
-1.766826790117193e-005
-2.998175477841869e-005
-2.967122236441355e-005
-1.816543772292789e-005
-4.247011076152774e-011
1.838768366724253e-005
3.040459705516696e-005
3.110116449533962e-005
1.855410300777294e-005
-5.546272404899355e-006
-3.628425474744290e-005
-6.677776400465518e-005
-8.997898112284020e-005
-1.005606245598756e-004
-9.634678281145170e-005
-7.892240682849661e-005
-5.324398443917744e-005
-2.632880386954639e-005
-5.384960786614101e-006
4.128438376937993e-006
3.702488593493314e-010
-1.610672188689932e-005
-3.906660640495829e-005
-6.163639045553282e-005
-7.640811963938177e-005
-7.781911699566990e-005
-6.370005576172844e-005
-3.592884604586288e-005
-1.902347612769972e-009
3.637394911493175e-005
6.529234087793157e-005
8.075651567196474e-005
8.027828880585730e-005
6.556359585374594e-005
4.207258461974561e-005
1.756333585944958e-005
9.995065192169861e-011
-4.613835699274205e-006
6.091851446399232e-006
3.015729816979729e-005
6.174410373205319e-005
9.265811240766197e-005
1.145176429417916e-004
1.210094342241064e-004
1.096184059861116e-004
8.236151188611984e-005
4.530673322733492e-005
7.012394689809298e-006
-2.374261566728819e-005
-4.029131741845049e-005
-3.987674062955193e-005
-2.441459037072491e-005
-1.068407029514162e-009
2.471640982548706e-005
4.087021807208657e-005
4.180734322289936e-005
2.494270120223519e-005
-7.456521416315809e-006
-4.877751780441031e-005
-8.976735261967406e-005
-1.209574547829107e-004
-1.351797400275245e-004
-1.295120455324650e-004
-1.060881986632012e-004
-7.156701758503914e-005
-3.538767123245634e-005
-7.238372290885309e-006
5.548516583075980e-006
2.154770945006490e-010
-2.164460056519602e-005
-5.249237074167468e-005
-8.281469490611926e-005
-1.026531608658843e-004
-1.045397730194964e-004
-8.556383545510471e-005
-4.825541691388935e-005
-1.569602448014962e-009
4.884198278887197e-005
8.766659448156133e-005
1.084165851352736e-004
1.077615088433959e-004
8.799703209660947e-005
5.646042700391263e-005
2.356603545194957e-005
7.529225576341503e-010
-6.189013220136985e-006
8.170974069798831e-006
4.043973603984341e-005
8.278708992293105e-005
1.242159924004227e-004
1.534943003207445e-004
1.621675764909014e-004
1.468757109250873e-004
1.103344329749234e-004
6.068596121622250e-005
9.389719707542099e-006
-3.178955375915393e-005
-5.393567698774859e-005
-5.337044058251195e-005
-3.266872954554856e-005
-7.464951989888391e-010
3.305844438727945e-005
5.465493813971989e-005
5.589574357145466e-005
3.334023131174035e-005
-9.962968761101365e-006
-6.517321162391454e-005
-1.199129619635642e-004
-1.615379878785461e-004
-1.804915664251894e-004
-1.728832285152748e-004
-1.415812876075506e-004
-9.549033711664379e-005
-4.720379729405977e-005
-9.652572771301493e-006
7.397524768748554e-006
-8.879382645821110e-011
-2.884459900087677e-005
-6.993518763920292e-005
-1.103026152122766e-004
-1.366927317576483e-004
-1.391683617839590e-004
-1.138786828960292e-004
-6.420523277483881e-005
-7.773863774929168e-010
6.495349225588143e-005
1.165502108051442e-004
1.440999330952764e-004
1.431897690054029e-004
1.168970920844004e-004
7.498075137846172e-005
3.128717071376741e-005
5.867529240255465e-010
-8.212597094825469e-006
1.083988809114089e-005
5.363143645809032e-005
1.097573040169664e-004
1.646400924073532e-004
2.033875352935866e-004
2.148175262846053e-004
1.945061812875792e-004
1.460702187614515e-004
8.031714969547465e-005
1.242622329300502e-005
-4.204998185741715e-005
-7.132182508939877e-005
-7.055294554447755e-005
-4.317519778851420e-005
-8.408034685158938e-011
4.366345820017159e-005
7.216454832814634e-005
7.378106238320470e-005
4.399435420054942e-005
-1.314431665377924e-005
-8.594665996497497e-005
-1.580929383635521e-004
-2.129055792465806e-004
-2.378126519033685e-004
-2.277181774843484e-004
-1.864302903413773e-004
-1.256999239558354e-004
-6.212119478732348e-005
-1.269787844648818e-005
9.729074008646421e-006
8.597348943872873e-010
-3.791288327192888e-005
-9.189210686599836e-005
-1.448876428185031e-004
-1.794947893358767e-004
-1.826893858378753e-004
-1.494439202360809e-004
-8.423444523941726e-005
6.991789369692469e-010
8.516161324223504e-005
1.527616113889962e-004
1.888101251097396e-004
1.875592861324549e-004
1.530710433144122e-004
9.815594967221841e-005
4.094269752386026e-005
2.278287281054503e-010
-1.074050669558346e-005
1.417063231201610e-005
7.009807450231165e-005
1.434104342479259e-004
2.150492655346170e-004
2.655810676515102e-004
2.804177929647267e-004
2.538238186389208e-004
1.905608660308644e-004
1.047443292918615e-004
1.619906652194914e-005
-5.480341133079492e-005
-9.292826871387661e-005
-9.189709817292169e-005
-5.621863965643570e-005
-2.436297164010171e-009
5.682104165316559e-005
9.388031321577728e-005
9.595382289262489e-005
5.719628461520188e-005
-1.708546369627584e-005
-1.116727653425187e-004
-2.053441130556166e-004
-2.764594100881368e-004
-3.087052900809795e-004
-2.955118834506720e-004
-2.418553049210459e-004
-1.630192418815568e-004
-8.053910278249532e-005
-1.645974407438189e-005
1.260626413568389e-005
4.732679248498073e-010
-4.909187191515230e-005
-1.189584509120323e-004
-1.875054440461099e-004
-2.322206564713270e-004
-2.362823433941230e-004
-1.932236773427576e-004
-1.088769058696926e-004
-3.496934519731099e-009
1.100130029954016e-004
1.972781610675156e-004
2.437572838971391e-004
2.420706150587648e-004
1.974978367798030e-004
1.266058825422078e-004
5.279724064166658e-005
-4.021370181295225e-010
-1.384123515890678e-005
1.825751496653538e-005
9.027950727613643e-005
1.846530794864520e-004
2.768115664366633e-004
3.417523403186351e-004
3.607410762924701e-004
3.264327242504805e-004
2.450003230478615e-004
1.346342760371044e-004
2.081282400467899e-005
-7.040046330075711e-005
-1.193379575852305e-004
-1.179817190859467e-004
-7.215353980427608e-005
-1.619180456380320e-009
7.288380584213883e-005
1.203897627419792e-004
1.230128691531718e-004
7.330811786232516e-005
-2.188693724747282e-005
-1.430464035365731e-004
-2.629579103086144e-004
-3.539216704666615e-004
-3.950954414904118e-004
-3.781036648433656e-004
-3.093691775575280e-004
-2.084702136926353e-004
-1.029616032610647e-004
-2.103561018884648e-005
1.610696017451119e-005
-2.007668475911828e-010
-6.269337609410286e-005
-1.518687786301598e-004
-2.393175382167101e-004
-2.963128208648413e-004
-3.014133544638753e-004
-2.464232966303825e-004
-1.388121308991686e-004
-1.626473400406781e-009
1.401835615979508e-004
2.513199870008975e-004
3.104543138761073e-004
3.082239418290556e-004
2.514080842956901e-004
1.611191109986976e-004
6.717160431435332e-005
1.236687752204091e-009
-1.760138184181415e-005
2.321218380529899e-005
1.147453804151155e-004
2.346252731513232e-004
3.516441502142698e-004
4.340294108260423e-004
4.580283130053431e-004
4.143665137235075e-004
3.109153767582029e-004
1.708121708361432e-004
2.640462480485439e-005
-8.927693124860525e-005
-1.512963062850758e-004
-1.495389151386917e-004
-9.143394709099084e-005
-1.423288154001057e-010
9.231291187461466e-005
1.524420367786661e-004
1.557268114993349e-004
9.277986828237772e-005
-2.769716411421541e-005
-1.809530222089961e-004
-3.325756697449833e-004
-4.475146124605089e-004
-4.994571208953857e-004
-4.778646980412304e-004
-3.909027436748147e-004
-2.633499389048666e-004
-1.300423755310476e-004
-2.655974276422057e-005
2.033357850450557e-005
1.785784964347670e-009
-7.910977728897706e-005
-1.915902685141191e-004
-3.018419665750116e-004
-3.736407088581473e-004
-3.799887781497091e-004
-3.105931682512164e-004
-1.749284856487066e-004
1.517310943555117e-009
1.765764609444886e-004
3.164926311001182e-004
3.908735234290361e-004
3.879826399497688e-004
3.163957444485277e-004
2.027305163210258e-004
8.449772576568648e-005
4.422374688672903e-010
-2.213242623838596e-005
2.917853453254793e-005
1.442284556105733e-004
2.948475012090057e-004
4.418019670993090e-004
5.452064797282219e-004
5.752344732172787e-004
5.202933680266142e-004
3.903259348589927e-004
2.143893361790106e-004
3.313157867523842e-005
-1.120062443078496e-004
-1.897863839985803e-004
-1.875438465503976e-004
-1.146480208262801e-004
-4.920205576297576e-009
1.157096630777232e-004
1.910397986648604e-004
1.951199519680813e-004
1.162247135653161e-004
-3.469374860287644e-005
-2.266026131110266e-004
-4.163850971963257e-004
-5.601969896815717e-004
-6.251026061363518e-004
-5.979727138765156e-004
-4.890602431260049e-004
-3.294180205557495e-004
-1.626365847187117e-004
-3.321534313727170e-005
2.542191396059934e-005
9.417571167347205e-010
-9.886600309982896e-005
-2.394100301899016e-004
-3.771134070120752e-004
-4.667360044550151e-004
-4.745865880977362e-004
-3.878463176079094e-004
-2.183994220104069e-004
-6.927066031892082e-009
2.203926560468972e-004
3.949595557060093e-004
4.877005121670663e-004
4.840174806304276e-004
3.946445067413151e-004
2.528271870687604e-004
1.053679370670579e-004
-8.364540726724101e-010
-2.758872324193362e-005
3.636894325609319e-005
1.797261211322621e-004
3.673780593089759e-004
5.503981956280768e-004
6.791124469600618e-004
7.164139533415437e-004
6.478928262367845e-004
4.859795153606683e-004
2.668941742740572e-004
4.124149563722313e-005
-1.393994607497007e-004
-2.361643128097057e-004
-2.333426382392645e-004
-1.426232629455626e-004
-3.143262095051114e-009
1.439066109014675e-004
2.375637996010482e-004
2.426054270472378e-004
1.444930239813402e-004
-4.312392411520705e-005
-2.816472842823714e-004
-5.174604593776166e-004
-6.960885948501527e-004
-7.766442722640932e-004
-7.428452954627574e-004
-6.074762786738575e-004
-4.091319860890508e-004
-2.019634994212538e-004
-4.124066254007630e-005
3.156221646349877e-005
1.950250183568869e-009
-1.227216998813674e-004
-2.971358771901578e-004
-4.679917474277318e-004
-5.791520234197378e-004
-5.888281157240272e-004
-4.811593389604241e-004
-2.709178952500224e-004
-3.069809961786518e-009
2.733295841608197e-004
4.897798644378781e-004
6.047288770787418e-004
6.001010769978166e-004
4.892488941550255e-004
3.134061698801816e-004
1.305985351791605e-004
2.360693418523852e-009
-3.418972482904792e-005
4.506903496803716e-005
2.226914948550984e-004
4.551533202175051e-004
6.818447145633400e-004
8.412327151745558e-004
8.873646729625762e-004
8.024288690648973e-004
6.018421263433993e-004
3.305042046122253e-004
5.106132448418066e-005
-1.725938636809588e-004
-2.923815627582371e-004
-2.888685849029571e-004
-1.765503402566537e-004
-2.060412673809964e-010
1.781116297934204e-004
2.940143749583513e-004
3.002338635269553e-004
1.788060035323724e-004
-5.335817331797443e-005
-3.484816115815193e-004
-6.402257713489234e-004
-8.611748926341534e-004
-9.607842657715082e-004
-9.189224219880998e-004
-7.514285971410573e-004
-5.060583935119212e-004
-2.497988170944154e-004
-5.100270573166199e-005
3.903348624589853e-005
4.306488776695261e-010
-1.517575874458998e-004
-3.674250910989940e-004
-5.786764086224139e-004
-7.161010289564729e-004
-7.280377903953195e-004
-5.948962061665952e-004
-3.349393082316965e-004
-7.145007252518099e-009
3.379029221832752e-004
6.054749246686697e-004
7.475584279745817e-004
7.418178720399737e-004
6.047760834917426e-004
3.873969835694879e-004
1.614315988263115e-004
8.248703387003786e-010
-4.225982411298901e-005
5.570428766077384e-005
2.752506698016077e-004
5.625576013699174e-004
8.427425636909902e-004
1.039725961163640e-003
1.096736290492117e-003
9.917572606354952e-004
7.438423926942051e-004
4.084749962203205e-004
6.311162724159658e-005
-2.133196685463190e-004
-3.613662847783417e-004
-3.570254775695503e-004
-2.182108146371320e-004
-2.489267014738061e-009
2.201468305429444e-004
3.634008462540805e-004
3.710928431246430e-004
2.210131642641500e-004
-6.596055027330294e-005
-4.307494382373989e-004
-7.913881563581526e-004
-1.064538722857833e-003
-1.187696470879018e-003
-1.135976985096932e-003
-9.289525914937258e-004
-6.256256601773202e-004
-3.088355006184429e-004
-6.305997521849349e-005
4.826224176213145e-005
1.726935705548272e-009
-1.876553287729621e-004
-4.543439426925033e-004
-7.156103965826333e-004
-8.855897467583418e-004
-9.003980085253716e-004
-7.357679423876107e-004
-4.142817051615566e-004
-3.935053671799693e-010
4.179872630629689e-004
7.490313146263361e-004
9.248526766896248e-004
9.178109467029572e-004
7.483006338588893e-004
4.793718399014324e-004
1.997662329813466e-004
2.303798707359306e-009
-5.230345050222240e-005
6.894741818541661e-005
3.407221811357886e-004
6.964383064769208e-004
1.043376978486776e-003
1.287373946979642e-003
1.358079724013805e-003
1.228191191330552e-003
9.212659206241369e-004
5.059558898210526e-004
7.817208825144917e-005
-2.642747131176293e-004
-4.477364709600806e-004
-4.424036014825106e-004
-2.704167272895575e-004
-5.854775775304688e-009
2.728784456849098e-004
4.505029937718064e-004
4.600910178851336e-004
2.740446652751416e-004
-8.179513679351658e-005
-5.342572112567723e-004
-9.816595120355487e-004
-1.320655806921423e-003
-1.473640906624496e-003
-1.409659162163734e-003
-1.152907265350223e-003
-7.765696500428021e-004
-3.833931114058942e-004
-7.829858805052936e-005
5.993167360429652e-005
-8.975835075197836e-010
-2.330978750251234e-004
-5.644688499160111e-004
-8.891884936019778e-004
-1.100580324418843e-003
-1.119164749979973e-003
-9.146891534328461e-004
-5.151150398887694e-004
-5.642239564451757e-009
5.199072766117752e-004
9.318168740719557e-004
1.150757190771401e-003
1.142204040661454e-003
9.314258350059390e-004
5.967990146018565e-004
2.487504389137030e-004
-4.076697313060151e-010
-6.515390850836411e-005
8.590886136516929e-005
4.246000025887042e-004
8.680688915774226e-004
1.300784060731530e-003
1.605322235263884e-003
1.693859463557601e-003
1.532197347842157e-003
1.149546471424401e-003
6.314803031273186e-004
9.759249223861843e-005
-3.299865056760609e-004
-5.592028028331697e-004
-5.526735913008452e-004
-3.379052504897118e-004
-2.629953199662083e-010
3.411452926229686e-004
5.633533000946045e-004
5.754936719313264e-004
3.428742929827422e-004
-1.023753065965138e-004
-6.687865825369954e-004
-1.229202025569975e-003
-1.654121791943908e-003
-1.846254337579012e-003
-1.766597502864897e-003
-1.445250702090561e-003
-9.737552027218044e-004
-4.808948142454028e-004
-9.823364234762266e-005
7.521707448177040e-005
7.947618119175104e-010
-2.927276655100286e-004
-7.090955623425543e-004
-1.117383362725377e-003
-1.383461756631732e-003
-1.407281728461385e-003
-1.150552649050951e-003
-6.481470190919936e-004
-1.358788992433802e-008
6.546300719492137e-004
1.173704513348639e-003
1.449979026801884e-003
1.439713872969151e-003
1.174465287476778e-003
7.527876878157258e-004
3.138916217721999e-004
1.502380553297655e-009
-8.227607031585649e-005
1.085253970813938e-004
5.366153200156987e-004
1.097484142519534e-003
1.645232667215169e-003
2.031219424679875e-003
2.144126221537590e-003
1.940286485478282e-003
1.456340891309083e-003
8.003344410099089e-004
1.237494725501165e-004
-4.186000442132354e-004
-7.096682093106210e-004
-7.016954477876425e-004
-4.292080120649189e-004
-4.733182290550531e-009
4.337254213169217e-004
7.165687275119126e-004
7.323537138290703e-004
4.365386266727001e-004
-1.303989556618035e-004
-8.523202850483358e-004
-1.567294122651219e-003
-2.110158093273640e-003
-2.356456359848380e-003
-2.255941275507212e-003
-1.846545026637614e-003
-1.244795857928693e-003
-6.150716217234731e-004
-1.257142721442506e-004
9.630903514334932e-005
3.404186044164703e-009
-3.752378106582910e-004
-9.094603592529893e-004
-1.433927915059030e-003
-1.776419347152114e-003
-1.808065688237548e-003
-1.479095895774663e-003
-8.337364415638149e-004
-4.756867122424069e-010
8.431026944890618e-004
1.512551330961287e-003
1.869770465418696e-003
1.857718336395919e-003
1.516431686468422e-003
9.726173011586070e-004
4.058100748807192e-004
5.726160101637845e-010
-1.065158940036781e-004
1.405961374985054e-004
6.956578581593931e-004
1.423772540874779e-003
2.135874005034566e-003
2.638878999277949e-003
2.787582110613585e-003
2.524431794881821e-003
1.896193716675043e-003
1.042853225953877e-003
1.613658678252250e-004
-5.462731933221221e-004
-9.268516441807151e-004
-9.171626297757030e-004
-5.614511901512742e-004
-3.207670795646322e-009
5.682918126694858e-004
9.396637324243784e-004
9.611751302145422e-004
5.734176374971867e-004
-1.714392128633335e-004
-1.121524139307439e-003
-2.064139116555452e-003
-2.781578805297613e-003
-3.109056269749999e-003
-2.979173325002194e-003
-2.440786687657237e-003
-1.646932447329164e-003
-8.145463070832193e-004
-1.666436291998252e-004
1.277917617699131e-004
2.856332503853309e-009
-4.988837754353881e-004
-1.210384303703904e-003
-1.910345396026969e-003
-2.369086956605315e-003
-2.413828624412417e-003
-1.976746600121260e-003
-1.115452847443521e-003
-1.181834097252477e-008
1.130480435676873e-003
2.030387287959456e-003
2.512755570933223e-003
2.499433699995279e-003
2.042635576799512e-003
1.311664469540119e-003
5.479367100633681e-004
-1.079381362067977e-009
-1.441704807803035e-004
1.905390963656828e-004
9.439534624107182e-004
1.934417872689664e-003
2.905681729316711e-003
3.594690700992942e-003
3.802322084084153e-003
3.448027418926358e-003
2.593484707176685e-003
1.428320538252592e-003
2.213175175711513e-004
-7.503200904466212e-004
-1.274886890314519e-003
-1.263414975255728e-003
-7.745587499812245e-004
-3.022650740813759e-010
7.863859646022320e-004
1.302292454056442e-003
1.334198168478906e-003
7.972342427819967e-004
-2.387271670158953e-004
-1.564357429742813e-003
-2.883952343836427e-003
-3.892900655046105e-003
-4.358671605587006e-003
-4.183847922831774e-003
-3.433819627389312e-003
-2.321142237633467e-003
-1.150075695477426e-003
-2.357197809033096e-004
1.811050460673869e-004
1.691395912217786e-009
-7.097266498021781e-004
-1.725282403640449e-003
-2.728434046730399e-003
-3.390477970242500e-003
-3.461596323177218e-003
-2.840696135535836e-003
-1.606357516720891e-003
-8.681354302098043e-009
1.635068911127746e-003
2.943170722573996e-003
3.650611033663154e-003
3.639581846073270e-003
2.981332596391439e-003
1.918972237035632e-003
8.035610080696642e-004
3.599162079481744e-009
-2.124752791132778e-004
2.815202460624278e-004
1.398278633132577e-003
2.872963435947895e-003
4.326944705098867e-003
5.367455072700977e-003
5.693112034350634e-003
5.177105311304331e-003
3.905141493305564e-003
2.156938426196575e-003
3.351946070324630e-004
-1.139843021519482e-003
-1.942656701430678e-003
-1.931174425408244e-003
-1.187703572213650e-003
-3.408895832279768e-009
1.213720650412142e-003
2.016732934862375e-003
2.073206240311265e-003
1.243134029209614e-003
-3.735836944542825e-004
-2.456862712278962e-003
-4.546059761196375e-003
-6.159620825201273e-003
-6.923107430338860e-003
-6.671478971838951e-003
-5.497402511537075e-003
-3.731222124770284e-003
-1.856454648077488e-003
-3.821203426923603e-004
2.948589099105448e-004
-1.100344815263554e-009
-1.165912835858762e-003
-2.847352065145969e-003
-4.524236544966698e-003
-5.649225786328316e-003
-5.796269048005343e-003
-4.780679009854794e-003
-2.717379014939070e-003
-5.212270060006574e-010
2.795663662254810e-003
5.060210824012756e-003
6.312194745987654e-003
6.329750642180443e-003
5.215890705585480e-003
3.377795685082674e-003
1.423288020305336e-003
1.852397568669062e-009
-3.812590730376542e-004
5.085741868242621e-004
2.543538343161345e-003
5.263281054794788e-003
7.985027506947517e-003
9.979716502130032e-003
1.066705770790577e-002
9.777364321053028e-003
7.435481529682875e-003
4.141418263316155e-003
6.491772364825010e-004
-2.227238845080137e-003
-3.830844536423683e-003
-3.844318212941289e-003
-2.387457527220249e-003
-3.460778552621946e-009
2.490091836079955e-003
4.182117059826851e-003
4.347101785242558e-003
2.636626362800598e-003
-8.018203661777079e-004
-5.338108632713556e-003
-1.000379584729672e-002
-1.373439189046621e-002
-1.564938202500343e-002
-1.529634092003107e-002
-1.279188133776188e-002
-8.816491812467575e-003
-4.457317758351564e-003
-9.328693267889321e-004
7.324575562961400e-004
1.633500890108053e-009
-3.005713690072298e-003
-7.487546652555466e-003
-1.214709505438805e-002
-1.550199836492539e-002
-1.627416163682938e-002
-1.375021599233151e-002
-8.016828447580338e-003
-5.789880130890879e-009
8.715780451893807e-003
1.625714078545570e-002
2.093723416328430e-002
2.172121405601502e-002
1.855997554957867e-002
1.249514054507017e-002
5.489144939929247e-003
2.099846740932776e-009
-1.614487962797284e-003
2.270339522510767e-003
1.202846784144640e-002
2.651685476303101e-002
4.314598068594933e-002
5.829891562461853e-002
6.803003698587418e-002
6.890534609556198e-002
5.880530551075935e-002
3.750975802540779e-002
6.923509761691093e-003
-2.912609651684761e-002
-6.549758464097977e-002
-9.663859009742737e-002
-1.176065877079964e-001
8.750000000000000e-001
-1.176071017980576e-001
-9.663942456245422e-002
-6.549843400716782e-002
-2.912660315632820e-002
6.923659704625607e-003
3.751073032617569e-002
5.880708619952202e-002
6.890773028135300e-002
6.803268939256668e-002
5.830143764615059e-002
4.314803332090378e-002
2.651823312044144e-002
1.202914398163557e-002
2.270477125421166e-003
-1.614592736586928e-003
2.099992180149002e-009
5.489548668265343e-003
1.249611284583807e-002
1.856150105595589e-002
2.172309532761574e-002
2.093913592398167e-002
1.625868864357472e-002
8.716647513210774e-003
-5.790481427681016e-009
-8.017695508897305e-003
-1.375176385045052e-002
-1.627606339752674e-002
-1.550387684255838e-002
-1.214861869812012e-002
-7.488518953323364e-003
-3.006116952747107e-003
1.633727042538169e-009
7.325621554628015e-004
-9.330066386610270e-004
-4.457992967218161e-003
-8.817865513265133e-003
-1.279393024742603e-002
-1.529885828495026e-002
-1.565202511847019e-002
-1.373677048832178e-002
-1.000557094812393e-002
-5.339079536497593e-003
-8.019696688279510e-004
2.637128578498960e-003
4.347949288785458e-003
4.182950593531132e-003
2.490598708391190e-003
-3.461497977141903e-009
-2.387964399531484e-003
-3.845150815322995e-003
-3.831691108644009e-003
-2.227740595117211e-003
6.493263063021004e-004
4.142387304455042e-003
7.437253836542368e-003
9.779737330973148e-003
1.066969335079193e-002
9.982225485146046e-003
7.987069897353649e-003
5.264650564640760e-003
2.544211223721504e-003
5.087109166197479e-004
-3.813632356468588e-004
1.852911712951766e-009
1.423689303919673e-003
3.378762630745769e-003
5.217406898736954e-003
6.331617943942547e-003
6.314084399491549e-003
5.061747506260872e-003
2.796524902805686e-003
-5.213898202072187e-010
-2.718240022659302e-003
-4.782214295119047e-003
-5.798155907541513e-003
-5.651089362800121e-003
-4.525749012827873e-003
-2.848316449671984e-003
-1.166312838904560e-003
-1.100727065050933e-009
2.949626068584621e-004
-3.822564322035760e-004
-1.857123919762671e-003
-3.732583718374372e-003
-5.499432794749737e-003
-6.673972122371197e-003
-6.925724446773529e-003
-6.161976605653763e-003
-4.547818563878536e-003
-2.457823837175965e-003
-3.737315128091723e-004
1.243631355464459e-003
2.074044663459063e-003
2.017557388171554e-003
1.214222167618573e-003
-3.410319138197338e-009
-1.188204740174115e-003
-1.931997947394848e-003
-1.943493611179292e-003
-1.140339067205787e-003
3.353419597260654e-004
2.157896291464567e-003
3.906893078237772e-003
5.179449915885925e-003
5.695715080946684e-003
5.369932856410742e-003
4.328961949795485e-003
2.874315250664949e-003
1.398942666128278e-003
2.816552005242556e-004
-2.125780738424510e-004
3.600919118440515e-009
8.039568783715367e-004
1.919926144182682e-003
2.982827601954341e-003
3.641423070803285e-003
3.652474144473672e-003
2.944685984402895e-003
1.635917811654508e-003
-8.685899999250069e-009
-1.607205835171044e-003
-2.842208603397012e-003
-3.463455010205507e-003
-3.392313607037067e-003
-2.729923464357853e-003
-1.726231770589948e-003
-7.101203664205968e-004
1.692341711212464e-009
1.812071423046291e-004
-2.358537167310715e-004
-1.150734140537679e-003
-2.322481712326407e-003
-3.435816382989287e-003
-4.186299629509449e-003
-4.361245315521956e-003
-3.895216621458530e-003
-2.885681111365557e-003
-1.565302023664117e-003
-2.388724096817896e-004
7.977228378877044e-004
1.335021806880832e-003
1.303102355450392e-003
7.868785178288817e-004
-3.024557271302797e-010
-7.750508375465870e-004
-1.264223363250494e-003
-1.275708200410008e-003
-7.508068811148405e-004
2.214621054008603e-004
1.429260009899736e-003
2.595202298834920e-003
3.450326621532440e-003
3.804874606430531e-003
3.597120521590114e-003
2.907658694311976e-003
1.935742795467377e-003
9.446042240597308e-004
1.906713150674477e-004
-1.442711800336838e-004
-1.080140088483006e-009
5.483244312927127e-004
1.312598469667137e-003
2.044099383056164e-003
2.501236274838448e-003
2.514578867703676e-003
2.031869953498244e-003
1.131311175413430e-003
-1.182707798363936e-008
-1.116282539442182e-003
-1.978226238861680e-003
-2.415646333247423e-003
-2.370881615206599e-003
-1.911801286041737e-003
-1.211312366649509e-003
-4.992685280740261e-004
2.858548731055066e-009
1.278915005968884e-004
-1.667744363658130e-004
-8.151893853209913e-004
-1.648240257054567e-003
-2.442736411467195e-003
-2.981566591188312e-003
-3.111568279564381e-003
-2.783838892355561e-003
-2.065825741738081e-003
-1.122445682995021e-003
-1.715808757580817e-004
5.738940672017634e-004
9.619782795198262e-004
9.404532029293478e-004
5.687719094567001e-004
-3.210395282948753e-009
-5.619306466542184e-004
-9.179501212202013e-004
-9.276518248952925e-004
-5.467473529279232e-004
1.615066721569747e-004
1.043767901137471e-003
1.897865906357765e-003
2.526669763028622e-003
2.790066180750728e-003
2.641243161633611e-003
2.137797418981791e-003
1.425061142072082e-003
6.962907500565052e-004
1.407247182214633e-004
-1.066137992893346e-004
5.731450314350184e-010
4.061868530698121e-004
9.735248167999089e-004
1.517854048870504e-003
1.859469572082162e-003
1.871541491709650e-003
1.513991272076964e-003
8.439092780463398e-004
-4.761440131062500e-010
-8.345418609678745e-004
-1.480531878769398e-003
-1.809829496778548e-003
-1.778160454705358e-003
-1.435340265743434e-003
-9.103604243136942e-004
-3.756108926609159e-004
3.407587545467550e-009
9.640571806812659e-005
-1.258410484297201e-004
-6.156949675641954e-004
-1.246063155122101e-003
-1.848433632403612e-003
-2.258259570226073e-003
-2.358889207243919e-003
-2.112346235662699e-003
-1.568927196785808e-003
-8.532123756594956e-004
-1.305360783590004e-004
4.369996895547956e-004
7.331307861022651e-004
7.173324702307582e-004
4.341897147241980e-004
-4.738272441073832e-009
-4.296716651879251e-004
-7.024567457847297e-004
-7.104416145011783e-004
-4.190582549199462e-004
1.238855329575017e-004
8.012182661332190e-004
1.457956037484109e-003
1.942447619512677e-003
2.146525075659156e-003
2.033501863479614e-003
1.647089142352343e-003
1.098727923817933e-003
5.372260347940028e-004
1.086494448827580e-004
-8.237050496973097e-005
1.504112390193768e-009
3.142549830954522e-004
7.536627235822380e-004
1.175836310721934e-003
1.441401662304997e-003
1.451685791835189e-003
1.175091834738851e-003
6.554070860147476e-004
-1.360408319328599e-008
-6.489226943813264e-004
-1.151935313828290e-003
-1.408979645930231e-003
-1.385137788020074e-003
-1.118742628023028e-003
-7.099615759216249e-004
-2.930866321548820e-004
7.957403624914150e-010
7.531006122007966e-005
-9.835555101744831e-005
-4.814940621145070e-004
-9.749733726494014e-004
-1.447065849788487e-003
-1.768825110048056e-003
-1.848591491580010e-003
-1.656224019825459e-003
-1.230770372785628e-003
-6.696432828903198e-004
-1.025069577735849e-004
3.433169040363282e-004
5.762394284829497e-004
5.640861345455051e-004
3.415907849557698e-004
-2.633400719709300e-010
-3.383499279152602e-004
-5.534036899916828e-004
-5.599443102255464e-004
-3.304257115814835e-004
9.772287739906460e-005
6.323272245936096e-004
1.151094213128090e-003
1.534267910756171e-003
1.696156919933856e-003
1.607507700100541e-003
1.302561606280506e-003
8.692594710737467e-004
4.251845821272582e-004
8.602756133768708e-005
-6.524426135001704e-005
-4.082371940494767e-010
2.490979677531868e-004
5.976358079351485e-004
9.327365551143885e-004
1.143817324191332e-003
1.152388518676162e-003
9.331426117569208e-004
5.206495989114046e-004
-5.650324652606287e-009
-5.158557905815542e-004
-9.160094778053463e-004
-1.120785949751735e-003
-1.102180336602032e-003
-8.904857095330954e-004
-5.652952240779996e-004
-2.334403397981077e-004
-8.989070598985904e-010
6.002035661367700e-005
-7.841485057724640e-005
-3.839643904939294e-004
-7.777307764627039e-004
-1.154637197032571e-003
-1.411781646311283e-003
-1.475867582485080e-003
-1.322658266872168e-003
-9.831531206145883e-004
-5.350728752091527e-004
-8.192043605959043e-005
2.744659141171724e-004
4.608008021023125e-004
4.512002924457192e-004
2.733022556640208e-004
-5.863900476299477e-009
-2.708395477384329e-004
-4.430977278389037e-004
-4.484414530452341e-004
-2.646922075655311e-004
7.829599053366110e-005
5.067605525255203e-004
9.227358968928456e-004
1.230157329700887e-003
1.360261230729520e-003
1.289448933675885e-003
1.045064185746014e-003
6.975682917982340e-004
3.412768128328025e-004
6.906001362949610e-005
-5.238915400695987e-005
2.307586566274722e-009
2.000957465497777e-004
4.801651812158525e-004
7.495430181734264e-004
9.193397127091885e-004
9.263982065021992e-004
7.502872031182051e-004
4.186903533991426e-004
-3.941693915709976e-010
-4.149830783717334e-004
-7.370175444521010e-004
-9.019320714287460e-004
-8.871034951880574e-004
-7.168375886976719e-004
-4.551256133709103e-004
-1.879791961982846e-004
1.729925647175890e-009
4.834606443182565e-005
-6.316984217846766e-005
-3.093754057772458e-004
-6.267226999625564e-004
-9.305866551585496e-004
-1.137981540523469e-003
-1.189798815175891e-003
-1.066428842023015e-003
-7.927978876978159e-004
-4.315191472414881e-004
-6.607878458453342e-005
2.214105479652062e-004
3.717621730174869e-004
3.640582726802677e-004
2.205463388236240e-004
-2.493798945124581e-009
-2.186092897318304e-004
-3.576794988475740e-004
-3.620302886702120e-004
-2.137128176400438e-004
6.322830449789763e-005
4.092325398232788e-004
7.452261052094400e-004
9.936076821759343e-004
1.098788809031248e-003
1.041677664034069e-003
8.443293045274913e-004
5.636201240122318e-004
2.757721522357315e-004
5.581013465416618e-005
-4.234036896377802e-005
8.264470774399513e-010
1.617411180632189e-004
3.881419252138585e-004
6.059427396394312e-004
7.432531565427780e-004
7.490091957151890e-004
6.066533387638629e-004
3.385625022929162e-004
-7.158996062628376e-009
-3.355970839038491e-004
-5.960679263807833e-004
-7.294760434888303e-004
-7.175198406912386e-004
-5.798262427560985e-004
-3.681573434732854e-004
-1.520609657745808e-004
4.315122981157771e-010
3.911197563866153e-005
-5.110555503051728e-005
-2.503040013834834e-004
-5.070848274044693e-004
-7.529571885243058e-004
-9.207974653691053e-004
-9.627502877265215e-004
-8.629422518424690e-004
-6.415434763766825e-004
-3.492008836474270e-004
-5.346862599253655e-005
1.791772519936785e-004
3.008589847013354e-004
2.946283202618361e-004
1.784846099326387e-004
-2.064739629270562e-010
-1.769221853464842e-004
-2.894787758123130e-004
-2.930009795818478e-004
-1.729605282889679e-004
5.117010732647032e-005
3.312103217467666e-004
6.031316006556153e-004
8.041529217734933e-004
8.892769110389054e-004
8.430505986325443e-004
6.833223160356283e-004
4.561424138955772e-004
2.231767866760492e-004
4.516752960626036e-005
-3.426466355449520e-005
2.365881934807135e-009
1.308863866142929e-004
3.140988410450518e-004
4.903332446701825e-004
6.014347891323268e-004
6.060767918825150e-004
4.908746341243386e-004
2.739422197919339e-004
-3.076709331750749e-009
-2.715284936130047e-004
-4.822467162739486e-004
-5.901626427657902e-004
-5.804682732559741e-004
-4.690582863986492e-004
-2.978148986585438e-004
-1.230029156431556e-004
1.954731265740861e-009
3.163493965985254e-005
-4.133595939492807e-005
-2.024314308073372e-004
-4.100825171917677e-004
-6.088914815336466e-004
-7.445805240422487e-004
-7.784634944982827e-004
-6.977237644605339e-004
-5.186793277971447e-004
-2.823124523274601e-004
-4.322604218032211e-005
1.448361290385947e-004
2.431830362183973e-004
2.381310187047347e-004
1.442511420464143e-004
-3.150807614815676e-009
-1.429665571777150e-004
-2.339057973586023e-004
-2.367358101764694e-004
-1.397377054672688e-004
4.134184564463794e-005
2.675453142728657e-004
4.871682904195041e-004
6.494818953797221e-004
7.181758410297334e-004
6.807870231568813e-004
5.517591489478946e-004
3.682888636831194e-004
1.801729085855186e-004
3.645959077402949e-005
-2.765767021628562e-005
-8.385498406759950e-010
1.056326873367652e-004
2.534640952944756e-004
3.956412838306278e-004
4.852432175539434e-004
4.889388801530004e-004
3.959650639444590e-004
2.209552039857954e-004
-6.944795849506136e-009
-2.189598890254274e-004
-3.888442588504404e-004
-4.758108698297292e-004
-4.679431440308690e-004
-3.780913248192519e-004
-2.400325756752864e-004
-9.912373934639618e-005
9.442187032249194e-010
2.548853444750421e-005
-3.330261097289622e-005
-1.630649931030348e-004
-3.302881377749145e-004
-4.903553635813296e-004
-5.995603278279305e-004
-6.267664721235633e-004
-5.616920534521341e-004
-4.174991336185485e-004
-2.272104757139459e-004
-3.478706639725715e-005
1.165381327155046e-004
1.956475025508553e-004
1.915576140163466e-004
1.160241008619778e-004
-4.933610409096900e-009
-1.149612071458250e-004
-1.880574855022132e-004
-1.903074880829081e-004
-1.123145557357930e-004
3.322301199659705e-005
2.149825013475493e-004
3.914088010787964e-004
5.217404686845839e-004
5.768383853137493e-004
5.467304727062583e-004
4.430400731507689e-004
2.956758544314653e-004
1.446346723241732e-004
2.926094020949677e-005
-2.219509042333812e-005
4.434927702856584e-010
8.473816706100479e-005
2.033088239841163e-004
3.173005825374275e-004
3.890951629728079e-004
3.919971350114793e-004
3.174047451466322e-004
1.770866074366495e-004
1.521705539353491e-009
-1.754363911459222e-004
-3.114973660558462e-004
-3.810978087130934e-004
-3.747339069377631e-004
-3.027272759936750e-004
-1.921536168083549e-004
-7.934296445455402e-005
1.791061854383713e-009
2.039382343355101e-005
-2.663862505869474e-005
-1.304295728914440e-004
-2.641359751578420e-004
-3.920723684132099e-004
-4.792980907950550e-004
-5.009591695852578e-004
-4.488638078328222e-004
-3.335807996336371e-004
-1.815012656152248e-004
-2.778128509817179e-005
9.306235006079078e-005
1.562021643621847e-004
1.529085275251418e-004
9.259608486900106e-005
-1.427664791942007e-010
-9.171579586109147e-005
-1.500009966548532e-004
-1.517649652669206e-004
-8.955419616540894e-005
2.648682857397944e-005
1.713452511467040e-004
3.118880267720670e-004
4.156659415457398e-004
4.594681668095291e-004
4.353973490651697e-004
3.527550725266337e-004
2.353683375986293e-004
1.151096512330696e-004
2.328605478396639e-005
-1.765753040672280e-005
1.240642810707016e-009
6.738695083186030e-005
1.616368826944381e-004
2.522179565858096e-004
3.092192055191845e-004
3.114591818302870e-004
2.521353890188038e-004
1.406395604135469e-004
-1.631776713750810e-009
-1.392658450640738e-004
-2.472306077834219e-004
-3.024032048415393e-004
-2.972882648464292e-004
-2.401073288638145e-004
-1.523711689515039e-004
-6.290126475505531e-005
-2.014341471401338e-010
1.616062218090519e-005
-2.110586137860082e-005
-1.033063163049519e-004
-2.091698552249000e-004
-3.104098723269999e-004
-3.793785290326923e-004
-3.964308125432581e-004
-3.551206318661571e-004
-2.638508158270270e-004
-1.435333688277751e-004
-2.196161949541420e-005
7.355884736170992e-005
1.234345836564899e-004
1.208034518640488e-004
7.313484820770100e-005
-1.624771206465425e-009
-7.240325794555247e-005
-1.183909989777021e-004
-1.197529054479674e-004
-7.064581586746499e-005
2.088553083012812e-005
1.351057435385883e-004
2.458603121340275e-004
3.275811905041337e-004
3.620131465140730e-004
3.429602656979114e-004
2.777922200039029e-004
1.853087451308966e-004
9.060085722012445e-005
1.832265479606576e-005
-1.389072986057727e-005
-4.035783096600909e-010
5.298690302879550e-005
1.270617503905669e-004
1.982106914510950e-004
2.429463056614623e-004
2.446411235723645e-004
1.979950757231563e-004
1.104137118090875e-004
-3.509700530202053e-009
-1.092753445846029e-004
-1.939324138220400e-004
-2.371509472141042e-004
-2.330762363271788e-004
-1.881978532765061e-004
-1.193987263832241e-004
-4.927397094434127e-005
4.750276283438382e-010
1.265324226551456e-005
-1.652121864026412e-005
-8.084058208623901e-005
-1.636308297747746e-004
-2.427647123113275e-004
-2.966256870422512e-004
-3.098714223597199e-004
-2.775060420390219e-004
-2.061232371488586e-004
-1.120974193327129e-004
-1.715057987894397e-005
5.741478162235580e-005
9.632119326852262e-005
9.424053132534027e-005
5.703954229829833e-005
-2.445686320129425e-009
-5.643577242153697e-005
-9.225280518876389e-005
-9.328881424153224e-005
-5.501649866346270e-005
1.626218727324158e-005
1.051533763529733e-004
1.913066516863182e-004
2.548193733673543e-004
2.815201878547669e-004
2.666273794602603e-004
2.158983261324465e-004
1.439778716303408e-004
7.037603063508868e-005
1.422694185748696e-005
-1.078328386938665e-005
2.287380701515573e-010
4.110645750188269e-005
9.854937525233254e-005
1.536859199404717e-004
1.883142685983330e-004
1.895718451123685e-004
1.533792092232034e-004
8.550663915229961e-005
7.020174996874573e-010
-8.457714284304529e-005
-1.500531943747774e-004
-1.834357681218535e-004
-1.802297483664006e-004
-1.454821322113276e-004
-9.226991824107245e-005
-3.806908716796897e-005
8.632844439304677e-010
9.769324606168084e-006
-1.275052727578441e-005
-6.237928027985618e-005
-1.262232253793627e-004
-1.872080028988421e-004
-2.286700619151816e-004
-2.388087450526655e-004
-2.137992851203308e-004
-1.587578881299123e-004
-8.630887896288186e-005
-1.319982675340725e-005
4.418050957610831e-005
7.409387762891129e-005
7.247112080221996e-005
4.384935164125636e-005
-8.443901827748235e-011
-4.335973062552512e-005
-7.085507968440652e-005
-7.162785914260894e-005
-4.223076757625677e-005
1.247975706064608e-005
8.066383452387527e-005
1.467019465053454e-004
1.953490136656910e-004
2.157501294277608e-004
2.042721898760647e-004
1.653577055549249e-004
1.102366004488431e-004
5.386607881519012e-005
1.088740464183502e-005
-8.248664016718976e-006
5.893345256247073e-010
3.142508285236545e-005
7.531193114118651e-005
1.174143544631079e-004
1.438245380995795e-004
1.447399117751047e-004
1.170687610283494e-004
6.524300988530740e-005
-7.808581559132222e-010
-6.449248758144677e-005
-1.143890913226642e-004
-1.397932210238650e-004
-1.373075501760468e-004
-1.107996213249862e-004
-7.025089871603996e-005
-2.897504054999445e-005
-8.919606719892670e-011
7.431094218190992e-006
-9.696450433693826e-006
-4.741873635794036e-005
-9.592587593942881e-005
-1.422282512066886e-004
-1.736745325615630e-004
-1.813190756365657e-004
-1.622798445168883e-004
-1.204645595862530e-004
-6.547349039465189e-005
-1.000895372271771e-005
3.349436519783922e-005
5.615457121166401e-005
5.490841795108281e-005
3.321200711070560e-005
-7.499683096767740e-010
-3.282098259660415e-005
-5.361955481930636e-005
-5.418781802291051e-005
-3.193839074810967e-005
9.433749255549628e-006
6.097094592405483e-005
1.108533397200517e-004
1.475675962865353e-004
1.629325997782871e-004
1.542194659123197e-004
1.248036860488355e-004
8.317932224599645e-005
4.063160304212943e-005
8.209801308112219e-006
-6.218463568075094e-006
7.565102433382265e-010
2.367847810091917e-005
5.673018313245848e-005
8.841801900416613e-005
1.082778035197407e-004
1.089366851374507e-004
8.808768325252459e-005
4.907688344246708e-005
-1.577160624322005e-009
-4.848807293456048e-005
-8.597687701694667e-005
-1.050450882758014e-004
-1.031499414239079e-004
-8.321593486471102e-005
-5.274699287838303e-005
-2.174970722990111e-005
2.165246315577463e-010
5.575524482992478e-006
-7.273643404914765e-006
-3.556029332685284e-005
-7.191647455329076e-005
-1.066067488864064e-004
-1.301457232329994e-004
-1.358418958261609e-004
-1.215505108120851e-004
-9.020791185321286e-005
-4.901712236460298e-005
-7.493181783502223e-006
2.506544296920765e-005
4.201324918540195e-005
4.107171480427496e-005
2.483835851307958e-005
-1.073682809327181e-009
-2.453524211887270e-005
-4.007394818472676e-005
-4.049071867484599e-005
-2.386021697020624e-005
7.047151939332252e-006
4.553144390229136e-005
8.277026063296944e-005
1.101627494790591e-004
1.216106975334697e-004
1.150870375568047e-004
9.311907342635095e-005
6.205142562976107e-005
3.030747393495403e-005
6.122200375102693e-006
-4.636830453819130e-006
1.004489963429833e-010
1.765095112205017e-005
4.228253237670288e-005
6.589086115127429e-005
8.067912131082267e-005
8.115982200251892e-005
6.561848567798734e-005
3.655570617411286e-005
-1.911854896619047e-009
-3.610842759371735e-005
-6.401847349479795e-005
-7.820812606951222e-005
-7.679008558625355e-005
-6.194454908836633e-005
-3.926191493519582e-005
-1.618723945284728e-005
3.720994901090791e-010
4.149070718995063e-006
-5.411867732618703e-006
-2.646032771735918e-005
-5.350993524189107e-005
-7.931649452075362e-005
-9.682770905783400e-005
-1.010623891488649e-004
-9.042776218848303e-005
-6.711066816933453e-005
-3.646507320809178e-005
-5.573896487476304e-006
1.864646037574858e-005
3.125587682006881e-005
3.055574416066520e-005
1.847902603913099e-005
-4.268095599169186e-011
-1.825554682000075e-005
-2.981828038173262e-005
-3.013021341757849e-005
-1.775567216100171e-005
5.245179636403918e-006
3.388888944755308e-005
6.160913471831009e-005
8.200808224501088e-005
9.053957910509780e-005
8.569285273551941e-005
6.934353586984798e-005
4.621413245331496e-005
2.257516825920902e-005
4.561547029879876e-006
-3.455024852883071e-006
2.483959704591143e-010
1.315594636253081e-005
3.152270801365376e-005
4.913283191854134e-005
6.017228588461876e-005
6.054411278455518e-005
4.896118844044395e-005
2.728220897552092e-005
-3.367412182431195e-010
-2.696311457839329e-005
-4.781673123943619e-005
-5.843145845574327e-005
-5.738895561080426e-005
-4.630773764802143e-005
-2.936002783826552e-005
-1.210950631502783e-005
4.363062411361085e-010
3.105825271632057e-006
-4.052856638736557e-006
-1.982124376809225e-005
-4.010128395748325e-005
-5.946463352302089e-005
-7.262219151016325e-005
-7.583088154206052e-005
-6.788066093577072e-005
-5.039986353949644e-005
-2.739894807746168e-005
-4.189521405351115e-006
1.402383804816054e-005
2.351847251702566e-005
2.300392043252941e-005
1.391898422298254e-005
-3.197850872993513e-010
-1.376559976051794e-005
-2.249824319733307e-005
-2.274679718539119e-005
-1.341330334980739e-005
3.963909421145218e-006
2.563236921560019e-005
4.662870560423471e-005
6.210776336956769e-005
6.861606379970908e-005
6.498778384411708e-005
5.262679769657552e-005
3.509896851028316e-005
1.715753387543373e-005
3.469347802820266e-006
-2.629884193083854e-006
3.214270793971963e-010
1.003048782877158e-005
2.405246050329879e-005
3.752120392164215e-005
4.599169551511295e-005
4.631612682715058e-005
3.748915696633048e-005
2.090805355692282e-005
-6.804946606209228e-010
-2.070175651169848e-005
-3.674881736515090e-005
-4.495120083447546e-005
-4.419303877511993e-005
-3.569648470147513e-005
-2.265509647259023e-005
-9.353760106023401e-006
9.627018626723327e-011
2.404330871286220e-006
-3.141034767395468e-006
-1.537848220323212e-005
-3.114727587671951e-005
-4.624195571523160e-005
-5.654023698298261e-005
-5.910904292250052e-005
-5.297688767313957e-005
-3.938227018807083e-005
-2.143616984540131e-005
-3.282657644376741e-006
1.100051758839982e-005
1.847221756179351e-005
1.809205059544183e-005
1.096221421903465e-005
-4.790158270040479e-010
-1.087126929633087e-005
-1.779246485966723e-005
-1.801489634090103e-005
-1.063826948666247e-005
3.148840960420785e-006
2.038945422100369e-005
3.714881677296944e-005
4.955652912030928e-005
5.483429413288832e-005
5.201636668061838e-005
4.218954927637242e-005
2.818319626385346e-005
1.380001776851714e-005
2.794783767967601e-006
-2.122232899637311e-006
4.874568457213790e-011
8.121949576889165e-006
1.950868863787036e-005
3.048722828680184e-005
3.743578781723045e-005
3.776738958549686e-005
3.062462565139867e-005
1.711067852738779e-005
1.279108485796598e-010
-1.700546999927610e-005
-3.024454235855956e-005
-3.706452480400913e-005
-3.650951475719921e-005
-2.954683077405207e-005
-1.878985131043010e-005
-7.772874596412294e-006
-1.206071909010120e-010
2.006027216339135e-006
-2.626204832267831e-006
-1.288304520130623e-005
-2.614832555991598e-005
-3.890128209604882e-005
-4.766440179082565e-005
-4.993591937818565e-005
-4.485052704694681e-005
-3.341414412716404e-005
-1.822657577577047e-005
-2.796193484755349e-006
9.394369953952264e-006
1.581088145030662e-005
1.552019784867298e-005
9.424828931514639e-006
-6.082365167081605e-010
-9.389054866915103e-006
-1.540248922538012e-005
-1.563096338941250e-005
-9.252364179701544e-006
2.745194933595485e-006
1.781700848368928e-005
3.253600152675062e-005
4.350714516476728e-005
4.825571159017272e-005
4.588603042066097e-005
3.730686876224354e-005
2.498263711459003e-005
1.226220683747670e-005
2.489332700861269e-006
-1.894999513751827e-006
1.392916615383655e-010
