6.931824493408203e+001
8.622680664062500e+001
9.483002471923828e+001
1.025510940551758e+002
1.070837554931641e+002
1.114437713623047e+002
1.159543838500977e+002
1.174342422485352e+002
1.200894622802734e+002
1.235377044677734e+002
1.246492004394531e+002
1.278885192871094e+002
1.296627349853516e+002
1.317520599365234e+002
1.340050811767578e+002
1.357430725097656e+002
1.382317047119141e+002
1.402958221435547e+002
1.427220764160156e+002
1.443139190673828e+002
1.471839294433594e+002
1.490379943847656e+002
1.503629913330078e+002
1.512991180419922e+002
1.707238311767578e+002
2.244985198974609e+002
2.465657958984375e+002
2.390080261230469e+002
2.024768829345703e+002
1.993678131103516e+002
1.648568725585938e+002
2.040286254882813e+002
2.029752197265625e+002
1.963492889404297e+002
2.121172332763672e+002
2.098498229980469e+002
1.916262969970703e+002
1.754338378906250e+002
1.191162490844727e+002
1.801546325683594e+002
1.838477020263672e+002
1.575385589599609e+002
1.685184020996094e+002
1.680364227294922e+002
1.542468566894531e+002
1.855514221191406e+002
1.631618499755859e+002
2.090056152343750e+002
1.984888305664063e+002
1.542055053710938e+002
1.746074676513672e+002
1.409832611083984e+002
1.922051849365234e+002
1.938241119384766e+002
1.889208374023438e+002
2.022199096679688e+002
1.888722686767578e+002
1.551062316894531e+002
1.559799652099609e+002
1.924804840087891e+002
1.966349029541016e+002
1.767005310058594e+002
1.588070220947266e+002
1.817839813232422e+002
1.668780212402344e+002
1.605247955322266e+002
9.307931518554688e+001
1.417760772705078e+002
1.382684936523438e+002
1.245565490722656e+002
1.461083221435547e+002
1.584405670166016e+002
1.167170867919922e+002
1.762451629638672e+002
1.720968933105469e+002
1.219015502929688e+002
1.518004150390625e+002
1.409521331787109e+002
1.377609558105469e+002
1.435588378906250e+002
1.813236846923828e+002
1.721558074951172e+002
5.791068649291992e+001
1.389041595458984e+002
1.434996643066406e+002
1.524521942138672e+002
1.551238708496094e+002
1.368601837158203e+002
1.434807128906250e+002
1.314585113525391e+002
1.278483581542969e+002
1.471897888183594e+002
1.470997619628906e+002
1.484512481689453e+002
1.550517272949219e+002
1.303855895996094e+002
7.597635650634766e+001
1.207412567138672e+002
7.854009246826172e+001
1.400900115966797e+002
1.195619583129883e+002
1.194694366455078e+002
1.212475051879883e+002
1.214209442138672e+002
1.209402465820313e+002
1.209992141723633e+002
1.205759582519531e+002
1.202087554931641e+002
1.200753631591797e+002
1.197322921752930e+002
1.196513366699219e+002
1.193081359863281e+002
1.190814819335938e+002
1.189571304321289e+002
1.185299301147461e+002
1.185787429809570e+002
1.181324996948242e+002
1.181878356933594e+002
1.177404556274414e+002
1.176549606323242e+002
1.175437393188477e+002
1.170257034301758e+002
1.171379318237305e+002
1.170554504394531e+002
1.164253616333008e+002
1.165683746337891e+002
1.164281234741211e+002
1.159136276245117e+002
1.160841293334961e+002
1.157683334350586e+002
1.155634460449219e+002
1.155108032226563e+002
1.152503585815430e+002
1.151282424926758e+002
1.148748703002930e+002
1.147988967895508e+002
1.144392089843750e+002
1.146481323242188e+002
1.141153182983398e+002
1.141454315185547e+002
1.140161209106445e+002
1.137808380126953e+002
1.135879821777344e+002
1.134633865356445e+002
1.136056365966797e+002
1.129748458862305e+002
1.131846542358398e+002
1.128708419799805e+002
1.127440567016602e+002
1.125486679077148e+002
1.123675155639648e+002
1.125280761718750e+002
1.119755783081055e+002
1.120546112060547e+002
1.119099884033203e+002
1.118569793701172e+002
1.114571304321289e+002
1.116668853759766e+002
1.111601638793945e+002
1.114093170166016e+002
1.108075103759766e+002
1.111404113769531e+002
1.106094131469727e+002
1.106964721679688e+002
1.104732971191406e+002
1.102624664306641e+002
1.105691375732422e+002
1.098929290771484e+002
1.100771484375000e+002
1.098483276367188e+002
1.097365951538086e+002
1.096016235351563e+002
1.095314865112305e+002
1.094648590087891e+002
1.091920242309570e+002
1.089895019531250e+002
1.089997787475586e+002
1.089787368774414e+002
1.086519012451172e+002
1.086100616455078e+002
1.086232681274414e+002
1.082319030761719e+002
1.082647094726563e+002
1.083006973266602e+002
1.078616333007813e+002
1.079752502441406e+002
1.076226501464844e+002
1.078487319946289e+002
1.075899734497070e+002
1.073534011840820e+002
1.072191390991211e+002
1.072716827392578e+002
1.071778182983398e+002
1.070153045654297e+002
1.068667984008789e+002
1.066381149291992e+002
1.065831222534180e+002
1.067780532836914e+002
1.062494201660156e+002
1.064700241088867e+002
1.058039627075195e+002
1.065183868408203e+002
1.057174453735352e+002
1.058443908691406e+002
1.057901687622070e+002
1.058197784423828e+002
1.052768325805664e+002
1.054039077758789e+002
1.055346069335938e+002
1.049325942993164e+002
1.053090820312500e+002
1.050745086669922e+002
1.047784271240234e+002
1.048338394165039e+002
1.048601989746094e+002
1.043119812011719e+002
1.046729049682617e+002
1.041402969360352e+002
1.043613586425781e+002
1.039685821533203e+002
1.042599258422852e+002
1.038965759277344e+002
1.037909240722656e+002
1.037887496948242e+002
1.036403961181641e+002
1.033750152587891e+002
1.035414886474609e+002
1.030848464965820e+002
1.035482711791992e+002
1.030517654418945e+002
1.029806976318359e+002
1.030262832641602e+002
1.028310089111328e+002
1.026741333007813e+002
1.023700637817383e+002
1.028014373779297e+002
1.020978622436523e+002
1.027641601562500e+002
1.019933090209961e+002
1.019777984619141e+002
1.019436492919922e+002
1.020522537231445e+002
1.018654479980469e+002
1.015743865966797e+002
1.017475433349609e+002
1.014362640380859e+002
1.016974716186523e+002
1.013281631469727e+002
1.006988830566406e+002
1.016353454589844e+002
1.009464492797852e+002
1.008119964599609e+002
1.009378051757813e+002
1.009984893798828e+002
1.000769729614258e+002
1.008689880371094e+002
1.004682922363281e+002
1.000827865600586e+002
1.004078521728516e+002
1.003638687133789e+002
9.999733734130859e+001
1.002209091186523e+002
9.950863647460938e+001
9.981546020507813e+001
9.979088592529297e+001
9.975041961669922e+001
9.941692352294922e+001
9.935098266601563e+001
9.932807922363281e+001
9.936497497558594e+001
9.930169677734375e+001
9.854718780517578e+001
9.948176574707031e+001
9.865822601318359e+001
9.840517425537109e+001
9.887737274169922e+001
9.840901947021484e+001
9.857188415527344e+001
9.839326477050781e+001
9.791470336914063e+001
9.848586273193359e+001
9.837667846679688e+001
9.767292022705078e+001
9.769371795654297e+001
9.840589141845703e+001
9.743932342529297e+001
9.774649810791016e+001
9.745326995849609e+001
9.733143615722656e+001
9.744247436523438e+001
9.741365814208984e+001
9.754854583740234e+001
9.595898437500000e+001
9.776702117919922e+001
9.651007080078125e+001
9.678138732910156e+001
9.668439483642578e+001
9.692521667480469e+001
9.635538482666016e+001
9.656767272949219e+001
9.659764862060547e+001
9.591867828369141e+001
9.620331573486328e+001
9.606433105468750e+001
9.618779754638672e+001
9.572967529296875e+001
9.574718475341797e+001
9.583469390869141e+001
9.513202667236328e+001
9.599462127685547e+001
9.536071777343750e+001
9.518823242187500e+001
9.536753082275391e+001
9.507122802734375e+001
9.516104888916016e+001
9.504341125488281e+001
9.491708374023438e+001
9.473568725585938e+001
9.467211914062500e+001
9.455764770507813e+001
9.461546325683594e+001
9.432838439941406e+001
9.399950408935547e+001
9.480349731445313e+001
9.392269897460938e+001
9.407729339599609e+001
9.395658874511719e+001
9.368204498291016e+001
9.390989685058594e+001
9.334474945068359e+001
9.404550933837891e+001
9.297411346435547e+001
9.343491363525391e+001
9.270488739013672e+001
9.377951812744141e+001
9.283828735351563e+001
9.344729614257813e+001
9.234264373779297e+001
9.318030548095703e+001
9.210420227050781e+001
9.319295501708984e+001
9.241175079345703e+001
9.250882720947266e+001
9.253842926025391e+001
9.206308746337891e+001
9.198636627197266e+001
9.235111999511719e+001
9.149124145507813e+001
9.248393249511719e+001
9.147009277343750e+001
9.158670806884766e+001
9.154464721679688e+001
9.184078216552734e+001
9.137571716308594e+001
9.123931121826172e+001
9.117088317871094e+001
9.089124298095703e+001
9.162658691406250e+001
9.077590942382813e+001
9.030022430419922e+001
9.147837066650391e+001
9.061306762695313e+001
8.981391143798828e+001
9.128682708740234e+001
8.995968627929688e+001
9.031758117675781e+001
8.997102355957031e+001
9.057004547119141e+001
8.961876678466797e+001
9.034543609619141e+001
8.933019256591797e+001
8.988381195068359e+001
8.984004974365234e+001
8.902067565917969e+001
8.911489105224609e+001
8.984192657470703e+001
8.902550506591797e+001
8.921321105957031e+001
8.875175476074219e+001
8.922802734375000e+001
8.865885925292969e+001
8.899870300292969e+001
8.815095520019531e+001
8.892411804199219e+001
8.800200653076172e+001
8.807688903808594e+001
8.872019958496094e+001
8.824009704589844e+001
8.746732330322266e+001
8.805810546875000e+001
8.781414794921875e+001
8.793698883056641e+001
8.755919647216797e+001
8.743110656738281e+001
8.741464996337891e+001
8.746730804443359e+001
8.732901000976563e+001
8.653679656982422e+001
8.688841247558594e+001
8.693823242187500e+001
8.695609283447266e+001
8.670193481445313e+001
8.680510711669922e+001
8.574774932861328e+001
8.716516113281250e+001
8.510208892822266e+001
8.677416992187500e+001
8.645355987548828e+001
8.423480987548828e+001
8.725523376464844e+001
8.415564727783203e+001
8.634076690673828e+001
8.639575958251953e+001
8.397908782958984e+001
8.583358001708984e+001
8.544287109375000e+001
8.480118560791016e+001
8.383650207519531e+001
8.593494415283203e+001
8.417606353759766e+001
8.559712219238281e+001
8.358142089843750e+001
8.464200592041016e+001
8.371971893310547e+001
8.509545898437500e+001
8.262960052490234e+001
8.498744201660156e+001
8.334355163574219e+001
8.459264373779297e+001
8.243344116210938e+001
8.326199340820313e+001
8.292386627197266e+001
8.411928558349609e+001
8.309409332275391e+001
8.274125671386719e+001
8.383201599121094e+001
8.221109008789063e+001
8.193181610107422e+001
8.260673522949219e+001
8.289463043212891e+001
8.206813049316406e+001
8.236713409423828e+001
8.215325927734375e+001
8.157093811035156e+001
8.157916259765625e+001
8.186487579345703e+001
8.152239990234375e+001
8.156710815429688e+001
8.103877258300781e+001
8.051874542236328e+001
8.175637817382813e+001
8.040669250488281e+001
8.119531250000000e+001
8.093156433105469e+001
7.992599487304688e+001
8.016876220703125e+001
8.048317718505859e+001
8.063160705566406e+001
7.969968414306641e+001
8.003699493408203e+001
7.996051788330078e+001
7.897126770019531e+001
8.032985687255859e+001
7.974181365966797e+001
7.844374084472656e+001
7.888758850097656e+001
7.977867889404297e+001
7.820919036865234e+001
7.850537109375000e+001
7.861766052246094e+001
7.858163452148438e+001
7.734637451171875e+001
7.867479705810547e+001
7.875394439697266e+001
7.725121307373047e+001
7.660856628417969e+001
7.828697967529297e+001
7.709272003173828e+001
7.673834228515625e+001
7.791775512695313e+001
7.757405853271484e+001
7.532596588134766e+001
7.673195648193359e+001
7.772133636474609e+001
7.505485534667969e+001
7.594001770019531e+001
7.723307800292969e+001
7.592105102539063e+001
7.547132110595703e+001
7.530591583251953e+001
7.514870452880859e+001
7.532941436767578e+001
7.585210418701172e+001
7.416309356689453e+001
7.516661071777344e+001
7.411324310302734e+001
7.529788208007813e+001
7.358869171142578e+001
7.396540832519531e+001
7.465705871582031e+001
7.347009277343750e+001
7.351208496093750e+001
7.201563262939453e+001
7.421798706054688e+001
7.370719146728516e+001
7.244135284423828e+001
7.232559204101563e+001
7.259545898437500e+001
7.218529510498047e+001
7.277894592285156e+001
7.096102142333984e+001
7.260174560546875e+001
7.124100494384766e+001
7.040328979492188e+001
7.328997039794922e+001
6.834729766845703e+001
7.208016967773438e+001
7.033513641357422e+001
6.921141052246094e+001
7.179196929931641e+001
7.035800933837891e+001
6.884159851074219e+001
6.971656036376953e+001
6.779994964599609e+001
7.068727874755859e+001
6.787418365478516e+001
6.720889282226563e+001
7.086552429199219e+001
6.670803070068359e+001
6.853562164306641e+001
6.838659667968750e+001
6.707686614990234e+001
6.588950347900391e+001
6.786572265625000e+001
6.727388000488281e+001
6.526511383056641e+001
6.548908233642578e+001
6.769585418701172e+001
6.390436553955078e+001
6.787479400634766e+001
6.394514083862305e+001
6.721330261230469e+001
6.272828292846680e+001
6.526659393310547e+001
6.138687896728516e+001
6.701861572265625e+001
6.117882537841797e+001
6.450942230224609e+001
6.364001464843750e+001
6.165441894531250e+001
6.260031509399414e+001
6.136762237548828e+001
6.384617996215820e+001
5.972911453247070e+001
6.257443237304688e+001
6.108039474487305e+001
5.961640167236328e+001
6.106535720825195e+001
6.202928543090820e+001
5.607338333129883e+001
6.034247970581055e+001
6.117772293090820e+001
5.642780303955078e+001
6.095126342773438e+001
5.855053710937500e+001
5.265094375610352e+001
5.943624496459961e+001
5.776684570312500e+001
5.742453384399414e+001
5.521743011474609e+001
5.516882705688477e+001
5.873583602905273e+001
5.678405380249023e+001
5.145691680908203e+001
5.362562561035156e+001
5.548546600341797e+001
5.304225540161133e+001
5.633079528808594e+001
5.095406341552734e+001
5.514358520507813e+001
4.783304977416992e+001
5.538930130004883e+001
5.052622985839844e+001
5.365035247802734e+001
4.865811538696289e+001
5.119563674926758e+001
5.207899856567383e+001
4.727305603027344e+001
5.015145874023438e+001
4.973930358886719e+001
4.834588241577148e+001
4.909964370727539e+001
4.745439529418945e+001
5.087794876098633e+001
4.741827392578125e+001
5.025292587280273e+001
4.716819763183594e+001
4.842399215698242e+001
4.790209197998047e+001
4.808290481567383e+001
