9.866351318359375e+001
1.264284133911133e+002
1.899968414306641e+002
1.964062957763672e+002
1.635251312255859e+002
1.880814666748047e+002
2.097473297119141e+002
1.941406555175781e+002
2.067533569335938e+002
1.856520538330078e+002
1.371451110839844e+002
1.643031616210938e+002
1.746256713867188e+002
1.941048583984375e+002
1.590582427978516e+002
1.739121704101563e+002
1.598152313232422e+002
1.685582580566406e+002
1.663647918701172e+002
1.511131744384766e+002
1.707565460205078e+002
1.770314178466797e+002
1.468688812255859e+002
2.001911010742188e+002
1.931176147460938e+002
1.548880157470703e+002
1.521769714355469e+002
9.727883148193359e+001
1.148358078002930e+002
1.138863677978516e+002
1.130900497436523e+002
1.137212219238281e+002
1.155272979736328e+002
1.121225967407227e+002
1.154157333374023e+002
1.131979522705078e+002
1.142407684326172e+002
1.140310134887695e+002
1.136515960693359e+002
1.136574020385742e+002
1.131577224731445e+002
1.128702468872070e+002
1.129206390380859e+002
1.125115966796875e+002
1.119910812377930e+002
1.118304977416992e+002
1.124172058105469e+002
1.106398696899414e+002
1.111821212768555e+002
1.106719818115234e+002
1.102849121093750e+002
1.103062896728516e+002
1.098743972778320e+002
1.097081909179688e+002
1.094419784545898e+002
1.082965011596680e+002
1.090041885375977e+002
1.085198898315430e+002
1.080577468872070e+002
1.080052566528320e+002
1.076780471801758e+002
1.071588897705078e+002
1.073022689819336e+002
1.064817504882813e+002
1.068520507812500e+002
1.062942581176758e+002
1.057763061523438e+002
1.059320449829102e+002
1.054753952026367e+002
1.053353424072266e+002
1.047607879638672e+002
1.047866439819336e+002
1.047581176757813e+002
1.041182937622070e+002
1.038289260864258e+002
1.041253356933594e+002
1.031923370361328e+002
1.036964797973633e+002
1.029560928344727e+002
1.026079101562500e+002
1.030349578857422e+002
1.022647705078125e+002
1.025265808105469e+002
1.017461700439453e+002
1.017189254760742e+002
1.016867218017578e+002
1.013718948364258e+002
1.010960464477539e+002
1.005868377685547e+002
1.012232971191406e+002
9.985115051269531e+001
1.005587692260742e+002
9.996259307861328e+001
9.960585021972656e+001
9.974335479736328e+001
9.985012054443359e+001
9.843965148925781e+001
9.948782348632813e+001
9.828611755371094e+001
9.147621917724609e+001
9.206591033935547e+001
1.444098052978516e+002
1.453540496826172e+002
1.263845138549805e+002
1.375381469726563e+002
1.481757812500000e+002
8.580286407470703e+001
1.496986389160156e+002
1.212497482299805e+002
1.451713104248047e+002
1.116478195190430e+002
1.000656967163086e+002
8.276641845703125e+001
1.352950286865234e+002
1.276226730346680e+002
1.091745986938477e+002
1.022123565673828e+002
9.483744049072266e+001
1.031947708129883e+002
7.010503387451172e+001
9.953062438964844e+001
9.590797424316406e+001
9.885750579833984e+001
9.311854553222656e+001
9.534472656250000e+001
1.014380493164063e+002
9.453241729736328e+001
1.007789077758789e+002
8.637289428710938e+001
1.014362182617188e+002
8.957511901855469e+001
1.293974609375000e+002
1.147646255493164e+002
9.045039367675781e+001
1.005784149169922e+002
9.410572052001953e+001
4.096697616577148e+001
1.009274444580078e+002
9.712652587890625e+001
6.102066802978516e+001
1.072524032592773e+002
7.977565765380859e+001
9.511692047119141e+001
7.823383331298828e+001
1.043767700195313e+002
7.977149200439453e+001
8.755254364013672e+001
9.235369873046875e+001
9.713758850097656e+001
9.182112121582031e+001
9.119345855712891e+001
8.280294036865234e+001
9.191120910644531e+001
9.252139282226563e+001
9.315708923339844e+001
8.967055511474609e+001
9.446611785888672e+001
9.043666076660156e+001
7.487258911132813e+001
1.065683593750000e+002
7.088547515869141e+001
7.061080169677734e+001
1.026311950683594e+002
7.009024810791016e+001
9.307315826416016e+001
8.197577667236328e+001
9.484485626220703e+001
9.355449676513672e+001
7.775794982910156e+001
9.625724792480469e+001
7.841357421875000e+001
9.641653442382813e+001
8.999159240722656e+001
6.960217285156250e+001
1.000527801513672e+002
8.082838439941406e+001
9.013638305664063e+001
8.074234008789063e+001
9.532227325439453e+001
8.481884002685547e+001
9.068687438964844e+001
8.914676666259766e+001
8.569210815429688e+001
8.981503295898438e+001
8.748169708251953e+001
8.618907165527344e+001
8.945530700683594e+001
7.025285339355469e+001
1.023093566894531e+002
7.783078002929688e+001
9.725548553466797e+001
8.878714752197266e+001
7.969380950927734e+001
8.858737945556641e+001
8.403894805908203e+001
9.773956298828125e+001
6.494168853759766e+001
9.170124053955078e+001
9.385163116455078e+001
8.054275512695313e+001
8.930053710937500e+001
8.370928192138672e+001
8.424986267089844e+001
8.995105743408203e+001
7.095811462402344e+001
9.245197296142578e+001
8.501295471191406e+001
8.406027221679688e+001
8.595931243896484e+001
8.290174865722656e+001
8.890581512451172e+001
8.823509216308594e+001
8.571546173095703e+001
7.653128051757813e+001
9.086865234375000e+001
7.783480834960938e+001
9.237581634521484e+001
6.536212158203125e+001
8.967991638183594e+001
8.773405456542969e+001
6.229203033447266e+001
9.586762237548828e+001
6.992832946777344e+001
8.711196136474609e+001
8.001329803466797e+001
8.748326873779297e+001
8.136271667480469e+001
8.479599761962891e+001
8.894477081298828e+001
6.236736297607422e+001
9.626135253906250e+001
7.621217346191406e+001
8.781538391113281e+001
6.696249389648438e+001
9.046265411376953e+001
5.848446273803711e+001
8.965409851074219e+001
7.404353332519531e+001
8.776699829101563e+001
7.928063201904297e+001
8.478673553466797e+001
8.522451782226563e+001
4.723689651489258e+001
8.737627410888672e+001
9.056864929199219e+001
7.541522216796875e+001
8.015389251708984e+001
7.972948455810547e+001
7.608815002441406e+001
9.080033874511719e+001
7.589867401123047e+001
7.910527038574219e+001
8.224749755859375e+001
8.250691986083984e+001
8.191863250732422e+001
8.096187591552734e+001
7.450263214111328e+001
8.744167327880859e+001
7.482151794433594e+001
7.285675811767578e+001
9.003475952148438e+001
6.422594451904297e+001
8.498020935058594e+001
7.351192474365234e+001
8.223602294921875e+001
8.453300476074219e+001
6.257281494140625e+001
8.690934753417969e+001
7.535922241210938e+001
7.160349273681641e+001
8.420033264160156e+001
8.284298706054688e+001
4.560445785522461e+001
9.052316284179688e+001
7.422689819335938e+001
8.319551849365234e+001
6.818000030517578e+001
8.147583007812500e+001
7.099417114257813e+001
8.282411193847656e+001
8.499579620361328e+001
6.816119384765625e+001
8.233844757080078e+001
7.852022552490234e+001
7.700590515136719e+001
7.140047454833984e+001
8.516239929199219e+001
5.942115020751953e+001
8.358563995361328e+001
7.526396942138672e+001
8.272046661376953e+001
6.033689117431641e+001
7.950890350341797e+001
8.773958587646484e+001
4.633268737792969e+001
8.627091979980469e+001
6.945697784423828e+001
7.588205718994141e+001
8.412177276611328e+001
6.835753631591797e+001
8.365178680419922e+001
7.242242431640625e+001
6.222149658203125e+001
8.161882019042969e+001
8.387428283691406e+001
6.752739715576172e+001
6.987447357177734e+001
7.808800506591797e+001
8.445294189453125e+001
5.302287292480469e+001
8.282205200195313e+001
7.376932525634766e+001
5.121421051025391e+001
8.568930053710938e+001
5.213976287841797e+001
7.404663848876953e+001
8.114473724365234e+001
8.008803558349609e+001
7.038336944580078e+001
7.432508087158203e+001
6.999314117431641e+001
7.861614227294922e+001
6.216036605834961e+001
8.354409027099609e+001
6.815486907958984e+001
7.629182434082031e+001
8.351310729980469e+001
4.378419494628906e+001
7.269750213623047e+001
8.214343261718750e+001
6.509364318847656e+001
7.797906494140625e+001
8.113551330566406e+001
6.278094863891602e+001
6.998310089111328e+001
7.049485015869141e+001
7.745664978027344e+001
7.488558959960938e+001
7.281278228759766e+001
8.484331512451172e+001
4.447101593017578e+001
8.125724029541016e+001
7.250518035888672e+001
7.159053802490234e+001
7.332096862792969e+001
6.654068756103516e+001
8.210908508300781e+001
3.859962081909180e+001
8.418459320068359e+001
5.746060562133789e+001
6.930095672607422e+001
7.958387756347656e+001
4.643313980102539e+001
7.542620086669922e+001
6.965512847900391e+001
8.037818145751953e+001
5.996777725219727e+001
7.293772888183594e+001
7.106011199951172e+001
6.351403808593750e+001
7.946251678466797e+001
6.958522796630859e+001
7.594051361083984e+001
6.810145568847656e+001
7.269096374511719e+001
7.105436706542969e+001
5.034563446044922e+001
8.295487213134766e+001
3.876017379760742e+001
7.965793609619141e+001
7.497074127197266e+001
4.875290679931641e+001
7.592798614501953e+001
6.555976867675781e+001
8.139662933349609e+001
5.686994934082031e+001
6.948249816894531e+001
6.348364639282227e+001
5.676796722412109e+001
8.491633605957031e+001
5.374369430541992e+001
7.586434936523438e+001
7.226387786865234e+001
5.639748382568359e+001
6.936309051513672e+001
7.588539886474609e+001
5.268725204467773e+001
7.151371765136719e+001
7.608650970458984e+001
9.132933807373047e+001
1.128787918090820e+002
1.101933441162109e+002
8.949952697753906e+001
7.807597351074219e+001
7.355381011962891e+001
4.495190811157227e+001
7.985156250000000e+001
4.713682174682617e+001
7.122239685058594e+001
1.862096405029297e+002
2.010048522949219e+002
1.861920166015625e+002
7.089855957031250e+001
7.816444396972656e+001
5.136782455444336e+001
7.033419799804688e+001
6.968839263916016e+001
7.792171478271484e+001
5.848089599609375e+001
7.638840484619141e+001
7.422512817382813e+001
6.756399536132813e+001
4.358440399169922e+001
7.957571411132813e+001
4.896184539794922e+001
7.919458007812500e+001
6.363724899291992e+001
6.156543731689453e+001
5.177164077758789e+001
7.014347839355469e+001
6.997654724121094e+001
6.058295440673828e+001
7.906743621826172e+001
5.786856079101563e+001
6.683276367187500e+001
5.314256286621094e+001
8.146445465087891e+001
4.119657897949219e+001
5.852029418945313e+001
8.525693511962891e+001
3.549597167968750e+001
6.931062316894531e+001
6.139486312866211e+001
5.972602462768555e+001
6.401690673828125e+001
6.959422302246094e+001
4.189417648315430e+001
7.889765930175781e+001
5.269429397583008e+001
5.168683242797852e+001
6.966017150878906e+001
4.240547561645508e+001
7.706051635742188e+001
5.970772933959961e+001
5.039200973510742e+001
6.251856994628906e+001
5.743855667114258e+001
6.458087921142578e+001
7.930898284912109e+001
4.714265441894531e+001
3.956521606445313e+001
7.188827514648438e+001
6.593315124511719e+001
4.302538681030273e+001
6.907314300537109e+001
6.646577453613281e+001
8.243647003173828e+001
5.265992355346680e+001
6.889133453369141e+001
5.124674987792969e+001
4.309472656250000e+001
7.814685821533203e+001
4.202497482299805e+001
6.189429473876953e+001
4.660543060302734e+001
7.614288330078125e+001
5.012375640869141e+001
7.658435058593750e+001
6.958322906494141e+001
7.910002136230469e+001
5.024161148071289e+001
4.943487930297852e+001
4.735614013671875e+001
4.861661529541016e+001
6.943166351318359e+001
4.061690902709961e+001
6.236206817626953e+001
3.826238250732422e+001
7.432353973388672e+001
5.709487152099609e+001
8.284288024902344e+001
7.793108367919922e+001
8.333949279785156e+001
5.468102264404297e+001
5.401877593994141e+001
5.850191116333008e+001
4.148386764526367e+001
7.346234130859375e+001
4.051850128173828e+001
5.928131866455078e+001
5.290182113647461e+001
5.799526977539063e+001
5.614791107177734e+001
7.219242095947266e+001
5.328216171264648e+001
7.698166656494141e+001
7.008449554443359e+001
7.866894531250000e+001
5.381980514526367e+001
6.445276641845703e+001
5.740500259399414e+001
7.040538024902344e+001
5.657372283935547e+001
5.080983734130859e+001
6.238666915893555e+001
5.073569488525391e+001
6.670206451416016e+001
5.383968353271484e+001
6.149682617187500e+001
4.321646118164063e+001
3.043963623046875e+001
7.442497253417969e+001
5.897878646850586e+001
6.406383514404297e+001
4.696012878417969e+001
4.105005645751953e+001
6.131674957275391e+001
4.302920532226563e+001
7.165701293945313e+001
4.053574371337891e+001
5.488512802124023e+001
6.768342590332031e+001
4.302269363403320e+001
6.171063613891602e+001
5.126350021362305e+001
5.284460449218750e+001
5.731624984741211e+001
5.132135009765625e+001
5.857534408569336e+001
6.987606048583984e+001
4.049053955078125e+001
5.537282180786133e+001
4.102154159545898e+001
5.174017715454102e+001
6.840732574462891e+001
3.966684341430664e+001
5.204914093017578e+001
5.956361770629883e+001
6.522891998291016e+001
3.821175384521484e+001
6.980469512939453e+001
4.037813568115234e+001
5.975528335571289e+001
6.699150085449219e+001
5.210364532470703e+001
2.327217102050781e+001
4.475336837768555e+001
5.164960479736328e+001
5.516650390625000e+001
4.101519393920898e+001
5.806754302978516e+001
3.796350097656250e+001
5.016861724853516e+001
4.464485168457031e+001
5.850437927246094e+001
6.947758483886719e+001
5.421458435058594e+001
6.564633178710938e+001
7.094100952148438e+001
7.003984832763672e+001
3.914368057250977e+001
5.261452102661133e+001
5.505872344970703e+001
6.140455627441406e+001
4.554042434692383e+001
4.848342132568359e+001
5.732052230834961e+001
5.441989898681641e+001
6.416796875000000e+001
5.412494659423828e+001
5.217732620239258e+001
6.760541534423828e+001
4.864818954467773e+001
6.022581481933594e+001
3.974646759033203e+001
4.497321319580078e+001
3.915167999267578e+001
6.053722000122070e+001
5.821108627319336e+001
4.895014190673828e+001
7.385385131835938e+001
7.138794708251953e+001
5.876219940185547e+001
4.759961700439453e+001
3.042551994323731e+001
4.787546157836914e+001
4.279125976562500e+001
4.440566253662109e+001
5.874362182617188e+001
5.035988616943359e+001
4.871117019653320e+001
3.990537643432617e+001
5.074751281738281e+001
5.943954086303711e+001
5.260422515869141e+001
4.158710098266602e+001
3.610161590576172e+001
4.364264297485352e+001
4.444883346557617e+001
6.541741180419922e+001
